GTIN	 QEMB 
7891032016601	 12 
7892018023002	 25 
7891035023514	 12 
7501001169374	 18 
7500435127226	 18 
7500435127264	 18 
7500435127240	 18 
7590002012383	 18 
7891010010546	 10 
7891010010515	 10 
7896007540662	 60 
7896007540631	 60 
7896007540617	 60 
7898264981615	 24 
7899802200014	 24 
7456979717181	 4 
7896519298310	 6 
7896594971214	 6 
7896594972310	 9 
7897275156760	 4 
7898994901006	 6 
7898994901020	 6 
7898994901013	 6 
7456979717020	 6 
7896007932931	 10 
7896196082189	 24 
7896196080307	 12 
7896090700424	 24 
7892141955904	 24 
7896090700455	 12 
7896060039400	 12 
7898080640833	 24 
7898080640673	 24 
7896001215108	 12 
7896354100823	 27 
7891000053508	 24 
7891000253083	 12 
7891000051474	 24 
7894321711058	 24 
7894321711171	 24 
7894321711263	 24 
7894321711478	 12 
7894321722016	 27 
7891000338087	 12 
7891025114666	 6 
7891025114659	 6 
7891025114673	 6 
7896508200034	 10 
7896894900068	 10 
7898596080192	 6 
7898596080376	 15 
7898206500027	 12 
7891910020065	 10 
7896109800015	 10 
7896283004773	 10 
7896283000010	 10 
7896283001031	 10 
7891095600854	 12 
7898206502489	 12 
7891910030293	 12 
7898206500010	 12 
7898206500768	 18 
7891910007110	 20 
7891959014612	 10 
7891910020027	 8 
7891910007004	 20 
7891910020096	 20 
7891910020034	 10 
7891910020041	 12 
7891910000197	 10 
7891910020119	 20 
7894900087000	 6 
7894000047522	 6 
7891700202916	 12 
7894900087048	 6 
7894900087062	 6 
7894900087123	 6 
7894900084504	 6 
7891150001947	 6 
7894000181011	 6 
7891700203135	 12 
7894000182018	 6 
7891700203142	 12 
7891150001961	 6 
7894900086003	 6 
7894900087109	 6 
7894000047515	 6 
7894900083002	 6 
7894900083507	 6 
7891150001923	 6 
7894900086027	 6 
7894000001159	 6 
7896094917439	 12 
7891104393104	 12 
7898928577628	 24 
7898928577680	 12 
7896001250628	 12 
7896001250710	 24 
7891910030057	 12 
7896283002748	 12 
7896589402501	 12 
7896589402518	 12 
7896060039424	 12 
7896060039417	 12 
7896060035822	 12 
7891910030149	 10 
7891910030316	 12 
7898268910123	 8 
7896094910904	 12 
7896094911000	 12 
7896094910003	 12 
7896094919624	 12 
7898936866011	 5 
7891025117643	 6 
7891025110941	 12 
7891025107835	 12 
7891025102120	 8 
7891025102113	 24 
7891025700104	 6 
7891025110750	 12 
7891025104780	 9 
7891025700746	 12 
7894900530056	 2 
7894900531015	 6 
7894900531008	 12 
7894900530032	 6 
7894900530001	 12 
7894900521009	 6 
7896828000239	 12 
7896828000017	 27 
7894321235226	 27 
7894900614008	 12 
7896000593672	 12 
7894900521504	 6 
7894900520507	 6 
7896596100308	 12 
7896596100223	 12 
7896596100056	 2 
7896596100209	 12 
7896089500424	 6 
7896089500509	 2 
7891991013789	 12 
7896062801050	 12 
3179730010850	 4 
7897123884142	 6 
7897123884029	 6 
7897123884036	 12 
7897123883220	 4 
7897123883022	 6 
7897123883077	 12 
7897123883053	 2 
7898462400017	 12 
7898462400703	 6 
7898462401120	 12 
7896083800032	 12 
7896083800155	 6 
7896062801067	 6 
7891991000840	 12 
7891991015981	 15 
7891991000888	 12 
7894900300017	 6 
7894900360394	 6 
7891024127605	 12 
7891024127704	 12 
7891024127629	 6 
7891024128312	 6 
7891024128305	 12 
7891024120705	 12 
7891024120903	 12 
7891024120804	 12 
7891132011018	 18 
7891132012015	 18 
7891132081011	 24 
7891132080038	 24 
7891132082018	 36 
7897765600773	 24 
7891031124055	 24 
7896196020013	 24 
7891089436872	 24 
7896102504279	 24 
7896183001452	 12 
7896272002018	 24 
7898645221507	 12 
7899449498331	 12 
7896090704460	 12 
7896090703609	 12 
7896090703616	 12 
7896090704545	 12 
7896044963509	 12 
7896044956419	 6 
7896007939039	 12 
7897534819207	 6 
7897534812673	 12 
7897534858275	 12 
7899449498034	 12 
7898288820143	 24 
7896044956525	 6 
7896044963486	 12 
7897534809468	 12 
7892141955744	 12 
7896090704644	 12 
7898264982087	 24 
7898903018092	 18 
7898903018337	 18 
7898903018511	 20 
7898903018573	 20 
7898270963063	 5 
6915917000132	 5 
6915917000460	 5 
74601008406	 5 
6921100112018	 6 
7896224410717	 20 
7897275151789	 12 
7897275151765	 12 
7897275151772	 12 
7898961667027	 24 
7898961667041	 12 
7898264983305	 24 
7898961667072	 24 
7898264981646	 24 
7898961667003	 24 
7898961667010	 24 
7898961667034	 12 
7891000049020	 6 
7891000049112	 6 
7891000049280	 6 
7891000049068	 6 
7891000049105	 6 
7891000049051	 6 
7891000095287	 6 
7891000049273	 6 
7891000049099	 6 
7891000049259	 6 
7891000049242	 6 
7891000049174	 6 
7899767024298	 12 
606529711481	 12 
7898462402479	 24 
78907287	 12 
7898462409058	 12 
7891035040269	 12 
7891150070974	 6 
7891150000971	 12 
7891150064874	 12 
7891150054585	 12 
7891150028944	 12 
7891150054561	 12 
7891000502303	 30 
7899449499529	 12 
7506339396140	 6 
7506339396126	 12 
7506339332650	 6 
7506195143834	 12 
7506339389883	 6 
7506195143858	 12 
7506339332674	 6 
7506339321838	 12 
7500435141024	 6 
7500435160032	 12 
7500435141000	 12 
7891150071087	 6 
7896040704120	 12 
7896040704113	 12 
7896098902400	 6 
7898462400710	 6 
7898462402677	 6 
7899449499888	 6 
7898462400734	 6 
7898462406194	 6 
7896283002892	 10 
7898904852619	 12 
7891032016809	 12 
7891032016908	 24 
7898909755533	 12 
7898964764235	 30 
7898964764099	 30 
7898964764242	 30 
7898964764075	 30 
7896336003739	 24 
7898964764259	 30 
7898964764112	 30 
7898964764211	 30 
7898964764051	 30 
7896336003708	 24 
7898964764037	 30 
7896336003715	 24 
7898964764204	 30 
7898964764228	 30 
7898964764013	 30 
7898195790621	 30 
7891095011605	 12 
7898964764266	 30 
7898964764136	 30 
7892840814724	 16 
7896336010010	 30 
7896336000295	 24 
7896278600034	 10 
7892840814748	 24 
7898964764273	 30 
7898964764181	 30 
7891048042298	 18 
7897517203603	 12 
7894000010014	 50 
7896519222414	 10 
7892012003000	 25 
7896236100521	 24 
7898921567305	 6 
7791293991276	 12 
7506306241169	 12 
7791293033266	 12 
7506306241183	 12 
7791293022567	 12 
7702018037803	 12 
7702018874781	 12 
7891136057012	 12 
4067700015044	 6 
7897744501602	 12 
7897744501626	 12 
7897744501596	 12 
2017081000001	 7 
78905115	 12 
7891048043035	 24 
7897744500186	 12 
7897744500070	 12 
7897744500520	 12 
7897744500544	 12 
7897744500049	 12 
7896901200846	 12 
7896901200839	 24 
7896901200860	 12 
7896901200853	 24 
7896901200877	 12 
7896901200921	 12 
8005121218107	 10 
7896196080260	 10 
7898964064335	 10 
7896901200914	 24 
7896901200235	 30 
7896901200150	 15 
7896901200143	 6 
7896901200457	 30 
7896901200822	 10 
7896901200280	 30 
7896006779841	 12 
7896006702696	 12 
7896006702733	 10 
7896006755517	 10 
7896006798750	 10 
7896006716112	 30 
7896006755616	 10 
7896006711124	 15 
7896006711117	 30 
7896006711155	 6 
7898964064342	 10 
7896196083179	 10 
7896901200099	 15 
7896901200082	 6 
768421222257	 30 
7891095600267	 12 
7898270911972	 10 
7898270911965	 10 
7896006701118	 30 
7896196059211	 10 
7896196060361	 10 
7897303500053	 15 
7896901200815	 10 
7896196061337	 10 
7898014490718	 6 
7896003941609	 12 
7896003914863	 24 
7896003951202	 24 
7896003989403	 12 
7896029003039	 30 
7896901200013	 6 
7896901200891	 24 
7891031121054	 12 
7896196060576	 12 
7896196059129	 12 
7896196061030	 12 
7896236100163	 12 
7898921466370	 30 
7898930672625	 25 
7898930672618	 20 
7896009301094	 24 
7894321823508	 24 
7896009301100	 24 
7896009301124	 24 
7896009301131	 24 
7896009301148	 24 
7896009301155	 24 
7891167011717	 24 
7898568900718	 12 
7898568900701	 12 
7898568900695	 12 
7896283000058	 20 
7894321219721	 28 
7898568900855	 12 
7896283000065	 20 
7891095026326	 12 
7891000102640	 28 
7891000102626	 28 
7894321219820	 24 
7894321208121	 24 
7898568900688	 12 
7892840815769	 28 
7892840815264	 24 
7892840815752	 28 
7892840815271	 24 
7898962676110	 24 
5601216054969	 18 
5601216120152	 12 
5601216120114	 12 
8410179200828	 12 
8410179100036	 12 
8410010813729	 12 
7790070218216	 12 
7896025800106	 24 
7891031404201	 24 
5601252106288	 20 
7898073358684	 12 
5601252117192	 20 
5601252231164	 20 
5601252106103	 20 
7898952857024	 6 
5601989003157	 12 
5601989003126	 12 
5601989003140	 12 
5601989986368	 12 
5601989997760	 12 
7898206500362	 12 
7898919754014	 12 
7897517208226	 24 
7897517208202	 24 
7896196082448	 12 
7896196058986	 12 
7896196058979	 12 
7896196081908	 12 
7896196082431	 12 
7896196081915	 12 
7891089100322	 24 
7891089100506	 24 
7891089100025	 24 
7891089100162	 24 
7891089100575	 20 
7897765601633	 24 
7897517208271	 24 
7891089450687	 24 
7896183001865	 24 
7896183001049	 24 
7896183001438	 24 
7896183001018	 24 
7896183001025	 24 
7896183001186	 12 
7896183001896	 24 
7896183001209	 24 
7896183001872	 24 
7896183001063	 24 
7896183001261	 12 
7896183001889	 24 
7896183001193	 24 
7897517208219	 24 
7897765600315	 24 
2000834000007	 14 
7897765601350	 24 
7891089450670	 24 
2000876000003	 14 
7891089450694	 24 
7897765601558	 24 
5601252112319	 24 
7897517208233	 24 
7891125000067	 12 
7891125064038	 12 
7891125064076	 12 
7891151031332	 6 
7891118015320	 12 
7896175320011	 5 
7898911246999	 25 
7896451915290	 12 
7896451915283	 12 
7896451915276	 12 
7896262301022	 16 
7895144228532	 16 
7895144028019	 16 
7898629571031	 12 
7898629570461	 12 
7898629570485	 12 
7898629570522	 12 
7898629570072	 12 
7898629570140	 12 
7898629570164	 12 
7898629570577	 12 
7898629570584	 12 
7898629570263	 12 
7898629570911	 12 
7898629570904	 12 
7898629570560	 12 
7898629570973	 12 
7898629570553	 12 
8426617002510	 12 
7891118014750	 12 
7896423481037	 24 
7897303505065	 6 
7898904642647	 30 
7898904642616	 30 
7898904642333	 30 
7898904642609	 30 
7898904642067	 30 
7898904642623	 30 
7898904642418	 30 
606529978129	 20 
7897594100192	 25 
7897594100277	 25 
7897594100031	 40 
7897594100086	 25 
7891010504755	 10 
7891164007010	 24 
7702018001071	 12 
7702018874729	 12 
7501009225034	 12 
7891051026773	 12 
7702018118823	 12 
7896292330030	 12 
7893595199371	 48 
7893595199388	 48 
7893595199364	 42 
7899621108881	 12 
7899621108911	 12 
7899621108904	 12 
7899621108935	 12 
7899621108867	 12 
7899621108874	 12 
7898176580876	 12 
7896261402799	 12 
7896261402638	 24 
7898919902651	 24 
7898919902736	 24 
7896004004310	 24 
7896004004303	 12 
7891772150900	 24 
7891331010508	 24 
7891331014452	 24 
7891331010560	 24 
7896004004228	 12 
7897900317122	 24 
7891331001124	 24 
7891331014513	 24 
7896261403499	 12 
7896261403475	 12 
7896261403482	 12 
7896261403543	 12 
7896261402812	 24 
7896261402829	 24 
7896261402805	 12 
7896261402607	 12 
7896261402621	 24 
7896261402591	 12 
7896261402645	 24 
7896798601573	 24 
7891772157435	 12 
7891772157428	 12 
7891772157459	 24 
7891772157411	 12 
7891772157442	 24 
7896798601788	 9 
7896798601801	 24 
7896798601825	 24 
7896798602273	 24 
7898957983315	 24 
7898957983308	 24 
7892840818364	 8 
7898921567497	 6 
7892840272043	 24 
7892840818050	 14 
7892840816018	 14 
7892840816773	 24 
7892840817145	 24 
7892840816780	 24 
7892840257248	 24 
7892840256449	 24 
7898171341021	 24 
7898171341014	 24 
7898171340901	 24 
7892840814625	 24 
7892840814861	 24 
7892840818302	 30 
7892840818319	 30 
7790199602965	 6 
7898967047007	 6 
7797906000700	 20 
7891515546519	 12 
7896004006475	 18 
7896004006482	 18 
7898961303734	 12 
7898961303727	 12 
7892840816704	 24 
7892840816711	 24 
7892840817138	 24 
7892840814465	 15 
7892840814472	 8 
7892840816728	 24 
7898956700449	 12 
7892840225711	 12 
7892840215217	 12 
7797906000380	 12 
7894650003787	 12 
7896185312891	 24 
7896185312907	 24 
7896185312259	 24 
7891000288177	 12 
7891000288207	 12 
7891000288146	 12 
7891000288238	 12 
7898911931116	 12 
7891000259429	 12 
7898911931123	 12 
7891000067048	 24 
7891097102868	 6 
7896185310088	 12 
7896185310095	 27 
7898080641540	 12 
7898080641533	 24 
7896183201357	 12 
7896183201289	 12 
7891097102875	 6 
7891097102974	 6 
7891097102936	 6 
7891097102851	 6 
7891097102943	 6 
7891097101892	 6 
7891000090732	 24 
7891156060016	 27 
7891156061013	 27 
7891156063017	 27 
7896113100736	 12 
7891000081501	 12 
7891000379103	 27 
7891000023167	 27 
7891000389201	 27 
7896283004162	 12 
7896283003899	 12 
7896283005183	 6 
7896283003905	 12 
7898264981653	 24 
7898312300023	 40 
7898312300146	 40 
7898176581651	 12 
7896006716471	 12 
7898315990641	 20 
7891962058726	 24 
7891962058719	 24 
7891962048208	 42 
7898315991013	 20 
7622210661746	 36 
7622210661708	 36 
7622210661852	 36 
7622210661814	 24 
7891000316368	 66 
7896011106397	 30 
7896011101880	 30 
7896011101927	 30 
7898315991006	 20 
7898905376107	 12 
7891962035451	 30 
7622300992293	 44 
8852008301977	 8 
8852008302004	 8 
7898315991082	 20 
7898957617210	 18 
7898957617203	 18 
7898649351811	 18 
7898965335014	 24 
7898965335137	 24 
7898171340017	 24 
7898171340024	 12 
7898965335113	 24 
7898965335144	 24 
7702025123513	 24 
7896011105826	 12 
7898315991112	 20 
7898315991051	 20 
7896004002262	 30 
7896004002057	 30 
7896004002064	 30 
7896023600265	 48 
7896034669381	 48 
7896023600234	 48 
7896023600449	 48 
7891340303615	 20 
7891340303233	 20 
7891340303332	 20 
7896003705195	 24 
7896292002784	 16 
7896003700800	 30 
7896003703078	 30 
7896003700817	 30 
7896011104386	 12 
7898171340161	 24 
7891000247624	 52 
7891000304631	 48 
7891000304556	 48 
7891000304792	 48 
7891000289709	 45 
7891000304679	 48 
7891000304594	 48 
7891000068458	 36 
7891000305195	 60 
7891000247648	 52 
7891000089231	 30 
7898315990993	 20 
7891000241356	 70 
7891000241370	 70 
7896024760302	 40 
7896024760340	 40 
7896024760319	 40 
7896024760401	 20 
7896024760135	 40 
7898171341090	 30 
7898171341076	 36 
7898572100036	 20 
5601008200062	 24 
7896023600241	 48 
7891340365262	 30 
7891340365279	 30 
7898315990610	 20 
7622210592729	 54 
7622210592699	 54 
7896292002760	 16 
7896292002708	 16 
7896085053269	 40 
7896022205140	 30 
7896022205232	 20 
7896006716464	 12 
7898940571017	 12 
4017100216800	 12 
4017100290008	 12 
7891962014999	 42 
7891962014982	 42 
7891962026831	 42 
7891962032450	 48 
7891000305232	 60 
5410471110774	 12 
7891000889701	 40 
7622300747442	 40 
7622300990701	 44 
7896022205188	 20 
7896022205157	 30 
7896022205164	 20 
7896006779674	 12 
7898416780028	 45 
7702025101306	 24 
7702025185368	 24 
7896085053832	 30 
7896022205225	 20 
7896022205195	 30 
7896022205201	 20 
7891168100014	 40 
7896022205218	 20 
7898634020128	 30 
7891000023808	 63 
7622300830151	 48 
7891000051436	 54 
7891000912805	 36 
7896024721600	 40 
7896024722836	 40 
7896024721358	 40 
7896024722324	 40 
7898416780035	 25 
7702025125746	 24 
7897886700048	 5 
7898924834015	 30 
7898924834039	 30 
2005336000005	 7 
7898264986856	 24 
7898264986719	 24 
7898264986863	 24 
7898264986726	 24 
7898264986870	 24 
7898264986733	 24 
7898264986887	 24 
7898264986740	 24 
7898264986894	 24 
7898264986757	 24 
7898264986900	 24 
7898264986764	 24 
7898264986917	 24 
7898264986771	 24 
7898956700722	 12 
7898961303406	 12 
7897173012069	 12 
7897173001278	 12 
7897173001056	 12 
7897173001247	 12 
7897173002039	 12 
7897173001285	 12 
7897173093341	 12 
7897173093358	 12 
7897173093365	 12 
7891048061695	 18 
7898960387261	 6 
7891048070215	 24 
7896064203562	 24 
7896064203586	 24 
7896064205245	 24 
7896064203579	 24 
7896064202923	 24 
7896064200660	 24 
7896064202947	 24 
7897173001063	 12 
7897173098728	 12 
7897173002053	 12 
7897173001070	 12 
7897173002015	 12 
7897173098735	 12 
7897173001254	 12 
7891035325595	 12 
7891035325625	 12 
7896798603119	 26 
7896798603102	 26 
7896798603126	 26 
7898375980811	 25 
7896653704555	 18 
7896653706900	 18 
8000500009673	 4 
7891000295182	 30 
602883641402	 20 
606529813260	 20 
609963137404	 20 
609963137428	 20 
7891000295304	 30 
78939318	 10 
7896019602105	 10 
7896653704524	 18 
7896653706917	 18 
78939301	 45 
7896019602006	 10 
7898530841261	 30 
7891008114003	 30 
7622210596413	 30 
7891000325131	 30 
7891022101003	 14 
7893333733355	 24 
7893333733331	 24 
7893333733317	 24 
7896532107149	 30 
7896519233069	 20 
7898380411164	 10 
7898380410938	 10 
7891048067000	 18 
7898380411553	 10 
3800205875307	 15 
3800205875208	 15 
3800205873358	 15 
3800205875109	 15 
7898377661848	 24 
7891048000427	 18 
7891000120095	 24 
7891008042023	 24 
7891008040029	 24 
7898010861024	 12 
7898918973843	 6 
7898939469639	 6 
7898939469585	 6 
7898939469363	 12 
700083453891	 12 
7896092500336	 12 
7896547501277	 12 
7896547501178	 12 
7896547501260	 12 
7896547501390	 12 
7896547501154	 12 
7896547501161	 12 
7896547500089	 12 
7896273100171	 12 
7896273100836	 12 
7896273100621	 12 
7896273100829	 12 
7896273100805	 12 
7896273100812	 12 
7896002100014	 12 
7896607100044	 12 
7896607100372	 12 
7897877000034	 12 
7897877000065	 12 
700083453884	 12 
7891050001108	 12 
7896050200124	 12 
7896383700704	 12 
7896383700698	 12 
7896244745677	 5 
7893753299165	 5 
7893753600251	 20 
7893753600114	 12 
7891021006934	 20 
7891021005043	 10 
7891021006309	 20 
7891021005555	 20 
7891021006125	 20 
7898206500850	 12 
7896089011357	 20 
7896244700287	 10 
7896244700294	 15 
7896244700218	 24 
7896244712341	 10 
7896244700270	 10 
7896244700348	 10 
7898912704023	 20 
7898912704016	 6 
7896005800577	 20 
7896005800379	 5 
7896005801529	 10 
7896005800010	 10 
7898918973867	 12 
7896283003967	 12 
7898950925015	 24 
7898950925077	 24 
7898950925053	 24 
7898950925039	 24 
7891000249963	 10 
7898950925022	 24 
7891700200523	 10 
7891095008995	 60 
7894000033860	 10 
7891150012318	 10 
7894000000275	 10 
7891150072824	 24 
7894000000268	 10 
7891000250150	 10 
7891000250174	 10 
7891132010011	 24 
7891132006373	 24 
7891132006366	 24 
7891132006380	 24 
7898264986245	 24 
7891136051003	 12 
7893595199395	 42 
7898264981691	 24 
7898264981707	 24 
7891095100118	 12 
7891986046099	 20 
7897122600521	 12 
7891095100293	 12 
7896639800318	 36 
7896639800325	 36 
7898951275027	 12 
7891095100316	 12 
7898202614469	 30 
7893595199418	 20 
7893595199425	 28 
7896216100558	 15 
7896216100534	 15 
7896216100541	 15 
7896244700331	 24 
7896244700317	 24 
7896005808016	 24 
7896005807828	 10 
7896005807811	 10 
7896005805077	 10 
7896005805138	 10 
7896005805107	 10 
7896005804995	 10 
7896005805015	 10 
7898954167190	 12 
7898954167428	 12 
7898954167442	 12 
7898954167435	 12 
7898954167176	 12 
7898954167183	 12 
7898954167275	 12 
7898954167121	 12 
7898954167206	 12 
7898954167411	 12 
7896089088403	 10 
7896089088410	 10 
7896089088427	 10 
7896089088373	 10 
7896244700232	 30 
7896244700256	 30 
7896244700249	 30 
7896089088335	 10 
8711000362747	 10 
8711000362556	 10 
7613036961004	 12 
7613036943321	 3 
7613036958943	 12 
7613036943376	 3 
7613036942720	 3 
7613036961448	 12 
7613036961028	 12 
7613036940771	 3 
7613036941358	 4 
7613036941419	 3 
7613036957069	 12 
7613036961745	 12 
7896005804629	 24 
7896005802892	 24 
7896005800157	 24 
7896005802519	 24 
7702018037865	 12 
7897122601252	 12 
7898933627011	 18 
7898167601016	 24 
7896040703727	 12 
7896040704625	 12 
7896040704656	 12 
7896040706254	 12 
7896040705295	 12 
7896040704236	 12 
7896040703710	 12 
7896040704618	 12 
7891032015970	 24 
7891032015932	 24 
7896336802189	 12 
7896336807429	 12 
7898264981714	 24 
8718144570465	 24 
7898961667089	 24 
7898961667140	 12 
7891031102404	 15 
7896196082608	 12 
7896040701136	 12 
7896040701105	 12 
7896040700054	 12 
7891000002186	 12 
7891000288801	 24 
7891000070673	 24 
7891000091616	 12 
7891000072899	 12 
7891000006634	 12 
7896025800045	 24 
7897765600940	 12 
7891032016755	 24 
7898909755779	 24 
7892018053009	 25 
7896025802384	 24 
7898213320694	 6 
7897395011123	 6 
7891149106806	 6 
7896045505845	 12 
7898295300799	 12 
7896045504831	 12 
7896045504541	 12 
7896045505319	 12 
7891991010023	 12 
7898230715466	 12 
7898230710102	 12 
7898230710201	 12 
7898230715558	 12 
7898230715213	 12 
7891991294263	 8 
7891991014717	 6 
7898377660377	 6 
7898377660957	 6 
7898377661015	 6 
7891991006088	 12 
7891149104956	 6 
7891149103270	 15 
7891149010509	 12 
7891149104451	 12 
7891149010301	 6 
7891991294942	 12 
7891149030309	 6 
7891149106455	 6 
7891149101528	 12 
7891149040308	 6 
7891149104932	 12 
7891991014762	 6 
7891991010481	 12 
7891991014786	 12 
7891991011877	 8 
7891991010832	 6 
7898295301352	 12 
7897395007256	 12 
7891149210503	 12 
7891149210305	 6 
78912861	 24 
7896388000359	 12 
78925441	 24 
78936546	 24 
78929203	 24 
7896388010259	 24 
7898605251698	 12 
7898925943020	 12 
7898925943013	 12 
7898925943075	 12 
7898925943037	 12 
7898605253777	 12 
7898605251827	 12 
7898605251780	 12 
7898925943709	 12 
7501064194160	 6 
7891149108718	 6 
7891149108749	 6 
7501064196645	 6 
7898230716616	 6 
7896045504503	 3 
7896657764210	 12 
7896657764289	 12 
7896657764081	 12 
7898367980010	 6 
7898367983790	 12 
7898367980041	 6 
7896052601882	 12 
78905498	 12 
8712000025649	 2 
7896045523412	 12 
78935495	 6 
78936683	 6 
78904972	 6 
7896045505357	 6 
7896045506040	 6 
7896045506064	 12 
7891991298476	 8 
7898915949391	 24 
7898915949407	 24 
7898915949216	 12 
7898915949148	 12 
7898915949162	 18 
7898915949315	 12 
7898915949155	 12 
7898915949209	 12 
7898230716654	 6 
7897395040246	 6 
7897395020194	 12 
7897395010164	 6 
7897395020101	 12 
7897395010119	 6 
78933897	 6 
7896052605651	 6 
7898377660032	 12 
7898377660223	 12 
7897395011055	 6 
7898377660971	 6 
7730335000330	 6 
78905351	 12 
7891991015493	 12 
7891991009584	 12 
7897395020170	 12 
7897395099329	 12 
7897395099367	 12 
7898367983615	 12 
7898945987028	 6 
7898945987035	 12 
7898945987219	 6 
7898945987196	 6 
7896052605279	 12 
7891991012126	 12 
7891149103102	 15 
7891149200504	 12 
7891149104468	 12 
7891149104758	 6 
78916265	 6 
7891149105564	 8 
7891149105588	 6 
7891149108015	 8 
7891149108305	 12 
7891149200306	 6 
7891149108466	 12 
78934115	 6 
7891991297547	 12 
7891991297424	 6 
7891991297479	 6 
7891149103065	 8 
7891149101900	 6 
7891991013024	 12 
7891991015462	 6 
7891991013000	 8 
7891991296441	 6 
7898230716630	 12 
78906020	 6 
7896045504107	 6 
7891991294584	 15 
7891048036525	 24 
054881003230	 6 
7899592837650	 30 
7899592837636	 30 
7899592837612	 30 
7899592837643	 30 
7899592837629	 30 
7898038730050	 6 
7898038730029	 6 
7891098000187	 30 
7896185310118	 12 
7896185313355	 12 
7896023013256	 6 
7896023014741	 6 
7896023014802	 6 
7891098000163	 30 
7891098000156	 30 
7891048036013	 24 
7891098010575	 24 
7891048036020	 24 
7891048036044	 24 
7891048036051	 24 
7891048036068	 24 
7891048036419	 24 
7891048038017	 24 
7891048038031	 24 
7891048036839	 24 
7891048038451	 24 
7891048038048	 24 
7891048038055	 24 
7891048038376	 24 
7891098001504	 30 
7891098010476	 24 
7898192039891	 12 
7898192032618	 12 
7898192033325	 12 
7898192039907	 12 
7898192034834	 12 
7898192031895	 12 
7898192032564	 12 
7898192033578	 12 
7891098000170	 30 
7891098040848	 6 
7891098040893	 6 
7891098041074	 6 
7891098041418	 10 
7896023014772	 6 
7891098038456	 30 
7896185310392	 12 
7896185310385	 12 
7891098000026	 24 
7891098040589	 6 
7891098040596	 6 
7891098040565	 6 
7891098040572	 6 
7891098040602	 6 
7891098000040	 24 
7891042000195	 6 
7896185310415	 12 
7891042000201	 6 
7896185310408	 12 
7891048036204	 24 
7896023013317	 6 
7896023014758	 6 
7896023013294	 6 
7896185312228	 12 
7898038730012	 3 
7891048036884	 24 
7891048036891	 24 
7896185310422	 12 
7891098041883	 6 
7896023013270	 6 
7891048036303	 24 
7896185313348	 12 
7891000103937	 16 
7897517208264	 24 
7897517208257	 24 
3083681027952	 12 
7891000107485	 6 
7891000096468	 18 
78936195	 24 
7891048045008	 36 
3155250349793	 12 
7891048045107	 27 
7898409951763	 12 
7891999015228	 12 
7892840247041	 12 
7892840259549	 8 
7896283005602	 10 
7898568901043	 12 
7898568901036	 12 
7898264982124	 24 
7896073908014	 36 
7896073907512	 36 
7896073907611	 36 
7896073908007	 36 
7896073907819	 36 
7896073907994	 36 
7898142863897	 12 
7898142862869	 12 
78930193	 30 
78912359	 30 
78912366	 30 
78930230	 30 
7622300807399	 60 
7622300989316	 60 
7622300807283	 60 
7622300988470	 15 
7891048000106	 18 
7891048000090	 18 
7898080640970	 24 
7891000451304	 25 
7891008351026	 20 
7891008349023	 20 
7891008116991	 20 
7891008350029	 20 
7891008123302	 12 
7891008123128	 12 
7896058501506	 24 
7891048014462	 24 
7896062537089	 24 
7899970401190	 18 
7899970401213	 18 
7891000248768	 24 
7891000279328	 24 
7891000249239	 24 
7891000248829	 24 
7622210411501	 18 
7622210689658	 12 
7622210690012	 17 
7622210689795	 17 
7622210732316	 12 
7622210689573	 17 
7622300852474	 12 
7622210961716	 17 
7622210709417	 12 
7622300991456	 17 
7622210709523	 12 
7622210833389	 60 
7622300988517	 15 
7622300786601	 12 
7622300851804	 12 
7622210709363	 12 
7622300862282	 20 
7622300991500	 17 
7622300826611	 12 
7622210961679	 17 
7622300851767	 12 
7622300862442	 20 
7622300991418	 17 
7622210709943	 12 
7622210564986	 12 
7622300851392	 12 
7622210641939	 20 
7622210936707	 17 
7622300988883	 18 
7622300851941	 12 
7622300991371	 17 
7622300851989	 12 
3046920028370	 20 
8003340098104	 10 
4000539395369	 8 
3045140105502	 12 
7622300086404	 12 
7622210078131	 12 
7622300185015	 12 
7622210642189	 12 
7622400005190	 12 
4025700001023	 12 
7622210397119	 12 
4025700001030	 12 
7622300617820	 12 
7622210956163	 12 
7622210822383	 12 
7622300291785	 12 
7622200007332	 12 
4025700001962	 12 
7896423406054	 24 
7896423405743	 24 
7896423470697	 20 
7896423419276	 12 
7896423401066	 24 
7896423420791	 24 
2019700000003	 15 
7891000067253	 24 
7891000107638	 18 
7891000276471	 14 
7891000276556	 14 
7891000276594	 14 
7891000276631	 14 
7891000104842	 5 
7891000276914	 14 
7891000259818	 20 
7891000104804	 5 
7891000098844	 22 
7891000276839	 14 
7891000277072	 14 
7613036723671	 14 
7891000276518	 14 
7891000276877	 14 
7891000460207	 30 
7891000276792	 14 
7891000107744	 14 
7891000329856	 16 
7891000107805	 14 
7898024397915	 36 
7898934982591	 12 
7898934982539	 6 
7898934982560	 6 
7898934982652	 6 
7898934982607	 6 
7898934982683	 6 
7506174500207	 20 
7896423420180	 20 
7896423481853	 20 
78929340	 30 
7891330012725	 12 
7891000329665	 16 
7891008118926	 12 
7891008232004	 12 
7891008151275	 12 
7891008137347	 15 
7891008127409	 12 
7891008170597	 12 
7891008097535	 12 
7891008170580	 12 
7891008170573	 12 
7898142859593	 24 
77961419	 24 
77961860	 24 
7898142863125	 12 
7896306612831	 16 
7896306616389	 16 
7896306612817	 16 
7896306617492	 16 
7896423470994	 18 
7896063103016	 12 
7896063280427	 12 
7896063101012	 12 
7896063280656	 12 
7891962056500	 18 
7891962056678	 18 
7899970401183	 24 
7622300837389	 48 
7891962012735	 24 
7891962055312	 6 
7896494207314	 6 
7896494208342	 12 
7896494203316	 12 
7898646710383	 12 
7896657764128	 12 
7896084571238	 12 
7896084571030	 24 
7896105500636	 12 
7894900310016	 6 
7896281700745	 6 
7897277703047	 12 
7898276556771	 12 
7898276556702	 12 
7897951610333	 25 
7891048014400	 10 
7891048014431	 10 
7891048014424	 10 
7896292303621	 12 
7896292302082	 12 
7896292302075	 12 
7896214539107	 12 
7896214539091	 12 
7896214539084	 12 
7896214539046	 12 
7894900010398	 12 
7894900025019	 6 
7898306100516	 20 
7896653702490	 24 
7896016600104	 24 
7896004400341	 24 
7896016600111	 24 
7896004400020	 50 
7896004400013	 24 
7896016601217	 24 
7896004400327	 24 
7898002880132	 24 
7898002880927	 15 
7898264983428	 24 
7891031105016	 24 
7896007871469	 24 
7896007870462	 12 
7898002880057	 15 
7896183004002	 24 
7898264983947	 24 
7891200016174	 24 
7891024136409	 12 
7891962000183	 12 
7891962000411	 24 
7891962000176	 12 
7891962000428	 24 
7891962057484	 12 
7891962057491	 12 
7898264986092	 24 
7898264981776	 24 
7898422749156	 12 
7891150054448	 12 
7791293004976	 12 
7891150008816	 12 
7896235353393	 12 
7896235353409	 12 
7898919412051	 6 
7506309840581	 6 
7896235353423	 12 
7501001165253	 6 
7501007413105	 6 
7898071210021	 5 
11210008199	 6 
7891048014349	 24 
7891099353640	 12 
7896080001401	 12 
7896010002133	 12 
7896023080487	 6 
7896023013157	 6 
7891962054100	 40 
7891772150016	 24 
7622300837358	 48 
7891772147214	 24 
7891962054117	 40 
7891962054124	 40 
7891772150009	 24 
7891772149980	 24 
7898907632690	 10 
2000814000003	 5 
7896030893049	 50 
7908099900696	 50 
7896030892646	 25 
7898634580141	 50 
7898911727092	 25 
7898911727085	 25 
7898706420016	 6 
7896023014598	 6 
7896196061399	 12 
7896004005898	 12 
7891010032937	 30 
7891010560812	 30 
8005121218206	 12 
3165440007358	 12 
7896196061467	 12 
3165440007082	 12 
7896532107156	 30 
7896519238163	 20 
7896196061436	 24 
7891350011043	 6 
7891095110520	 12 
7891150030596	 12 
7891000538500	 12 
7898080640222	 24 
7898080641557	 24 
7891000120101	 48 
7891000126905	 27 
7896185310576	 27 
7896030519581	 16 
7896030519598	 16 
7896030519611	 16 
7896030519628	 16 
7509546079400	 12 
7891024134702	 12 
7891024041628	 12 
7891024135358	 12 
7891024135020	 12 
7891024132005	 12 
7500435109109	 12 
7891528038612	 12 
7891000253182	 27 
7897042004904	 6 
7898264981783	 24 
7896068944362	 20 
7893333325109	 10 
7622300801779	 10 
7893333325000	 10 
7891143019676	 12 
7896653706726	 12 
7898205922998	 12 
7506339363883	 12 
7891150068292	 12 
7898315990726	 20 
7896073902913	 24 
7896073902814	 24 
7891048002049	 12 
7891048002063	 12 
7891048002056	 12 
7891079013120	 24 
7891079013083	 24 
7891079013045	 24 
7891079013038	 12 
7891079013106	 24 
7898264985996	 24 
8076809534376	 12 
7891136065208	 12 
7897712902004	 25 
7898530842138	 16 
7898530842091	 40 
7898530842114	 40 
7898530841186	 20 
7891025101543	 12 
7891025021117	 27 
7891025106067	 4 
7898164662669	 6 
7898341430081	 6 
7894900558029	 6 
7894900558524	 6 
7894900558005	 12 
7894900557534	 6 
7894900556032	 6 
7894900550030	 6 
7894900550054	 12 
7898341430111	 6 
7894900660357	 6 
7898341430012	 6 
7898341430074	 6 
7898341430142	 18 
7898341430203	 18 
7898341430036	 6 
7898341430043	 6 
7898341430098	 6 
7898341430777	 6 
7891035215506	 12 
7898314110118	 12 
7896495000174	 6 
7896495000129	 6 
7896040707978	 12 
7896040707985	 12 
7896040708128	 12 
7896040708142	 12 
7896040707992	 12 
7897744501176	 12 
7891035001031	 12 
7891035001048	 12 
7891035001055	 12 
7898462400765	 6 
7899449499772	 6 
7898462400406	 6 
7896097607221	 6 
7896097607238	 6 
7896097607351	 6 
7891150071407	 12 
7891150071445	 12 
7891150071414	 12 
7896044942009	 12 
7896044936916	 12 
7896044936923	 12 
78924529	 12 
7791293022635	 12 
78923454	 12 
7896044928539	 12 
7896044928515	 12 
7896044942023	 12 
7899449499703	 24 
7899449499246	 24 
7896098900253	 24 
7896098900239	 24 
7891035024351	 12 
7891022100372	 24 
7891022638004	 24 
7897664130036	 24 
7896098900208	 24 
7896098902042	 24 
7896336010522	 24 
7896331100372	 12 
7896863461613	 12 
7898080640765	 24 
7898080641762	 24 
7896653703244	 24 
7898003280580	 40 
2001024000005	 10 
7896653702506	 24 
7896653703169	 12 
7891000623008	 20 
7891000623107	 20 
7891000243954	 3 
7613033174728	 3 
7891000302606	 3 
7891000302644	 3 
7501059273245	 3 
7891000291900	 3 
7891000291863	 3 
7613034735034	 3 
7891000243930	 3 
7501059273283	 3 
7891000118924	 3 
7613032396350	 3 
7891000243787	 3 
7501059273252	 3 
7613033026720	 3 
7613031526406	 3 
7891000243725	 3 
7891000243749	 3 
7501059273597	 3 
7891000294376	 3 
7891000243688	 3 
7613035260566	 3 
2012686000005	 6 
2012687000004	 6 
7892840815943	 25 
7892840814540	 15 
7892840814557	 8 
7892840815936	 12 
7892840817336	 48 
78933354	 12 
7897517209414	 24 
3083681015652	 24 
1220000250055	 6 
1220000250079	 6 
7894900401714	 6 
7894900401103	 6 
815154021104	 6 
815154021203	 6 
7898929280985	 24 
070847022015	 6 
070847022305	 6 
070847034803	 6 
070847022022	 6 
7898938890021	 6 
070847033301	 6 
070847022206	 6 
1220000250000	 6 
070847033929	 6 
742832752848	 6 
9002490209346	 24 
9002490220815	 4 
9002490240875	 24 
9002490247379	 24 
9002490220792	 4 
611269101713	 24 
9002490235192	 24 
611269991000	 4 
9002490214166	 24 
9002490229160	 4 
751320388858	 6 
7898930673134	 25 
7898930673141	 25 
7891024040034	 12 
7891024136096	 12 
7892840268442	 20 
7892840268848	 20 
7892840267841	 20 
7892840267940	 20 
7892840268046	 20 
7898264981868	 24 
7898264981806	 24 
7891098000392	 12 
7898264983831	 24 
7898264981813	 24 
3083681080926	 24 
3083680004572	 24 
7896519236596	 20 
3083680003766	 24 
7896102500622	 24 
7891032013457	 12 
7896102500448	 24 
7891032013402	 12 
7896102500417	 24 
7896532107187	 30 
7897517209650	 32 
7897517209056	 32 
7897517209407	 24 
7891095100361	 12 
7896102500493	 24 
7896102501018	 24 
7891032012351	 12 
7898961303345	 12 
7898956700203	 12 
7891024116319	 12 
3014260833176	 12 
7891024024386	 12 
7896051030423	 50 
7896051030447	 100 
7896001004566	 30 
7891040128082	 12 
7891040001187	 12 
7891040001408	 10 
7891040299614	 10 
7891040219438	 10 
7891040001316	 10 
7891350000092	 6 
7891141024917	 6 
7896452112155	 6 
7896452112582	 6 
7896452101326	 6 
7896452112117	 6 
7896452112001	 6 
7896452101517	 6 
7896452112056	 6 
7896452112506	 6 
7896452112094	 6 
7896072911022	 12 
7896072922462	 12 
7891083611442	 24 
7891083611411	 24 
7891083611138	 6 
7891083611183	 6 
7896072911251	 12 
7896072911268	 12 
8410036001131	 12 
8410036006297	 12 
8410036807658	 12 
8410036807634	 12 
7896023082993	 6 
7896023082979	 6 
7896023083051	 6 
7896023082634	 6 
7896023085994	 6 
7896023012372	 6 
7896267774081	 12 
7896267774074	 12 
7896267774111	 12 
7896267774104	 12 
7896072911145	 12 
7896072922356	 12 
7897744502449	 12 
7897744502043	 12 
7897744502173	 12 
7897744502432	 12 
7897744502166	 12 
7897744502128	 12 
7897744502104	 12 
7897744502159	 12 
7897744502050	 12 
7897744502067	 12 
7897744502135	 12 
7897744502074	 12 
7897744502081	 12 
7897744502142	 12 
7897744502111	 12 
7897744502098	 12 
7893753603047	 12 
7896036098639	 24 
7891032015369	 12 
7894900093056	 6 
7894900093001	 6 
7894900031515	 6 
7894900030013	 6 
7894900151510	 6 
7894900150018	 6 
7894900051513	 6 
7894900050011	 6 
7894900050394	 12 
7892840815776	 28 
7896283000072	 24 
7894321220024	 28 
7898269631324	 12 
7898915653359	 20 
7898111260658	 10 
7891095026333	 12 
7892840815783	 12 
7894321219929	 28 
7898568901050	 12 
7898568900930	 12 
7898905356581	 6 
7898951275034	 24 
7898568900923	 12 
7896283004117	 20 
7896278620704	 10 
7896278600140	 10 
7896278600218	 10 
7896117600027	 20 
7896278600164	 10 
7891095300389	 24 
7891095300372	 24 
7891095300303	 24 
7896278600195	 10 
7891095200399	 12 
7898912222022	 20 
7898099810029	 20 
7898568900916	 12 
7896278600188	 10 
8801558206287	 5 
7891095400423	 24 
7896005202074	 10 
7896022206147	 10 
7896283000102	 10 
7896022200961	 10 
7891080000119	 10 
7891000099032	 24 
7891000252604	 24 
7896283003608	 20 
7896007870554	 12 
8801558204108	 12 
7898912222237	 20 
7898912222015	 20 
7898912222039	 20 
7891095031665	 24 
040232770999	 12 
040232732287	 12 
7898963886020	 25 
7898963886013	 25 
7898053594330	 25 
7891095200993	 12 
7891095300488	 24 
7898067340664	 12 
7898067340657	 12 
7891095830671	 12 
7897303500183	 30 
7896200115582	 30 
7896006748885	 12 
7896006715160	 18 
7896200115575	 10 
7896200115032	 20 
7896200115049	 20 
7896200115544	 10 
7896200115056	 20 
7896200115551	 10 
7896200115025	 20 
7896200115568	 10 
7896006748830	 12 
7896200115346	 30 
7896006744115	 30 
7897517209223	 32 
7893753602842	 10 
7896006749295	 12 
7896006716006	 18 
7896200115353	 30 
7896006748731	 12 
7893753602835	 10 
7896200115360	 30 
7896006751113	 30 
7897517209247	 32 
7896200115063	 30 
7896278600287	 6 
7896006716402	 18 
7896006797920	 18 
7896006797944	 18 
7896006748786	 12 
7896006748939	 12 
7896200115773	 30 
7896031224583	 24 
7896031224088	 12 
7897122600576	 12 
7891048040065	 120 
7891048040171	 12 
7622300119621	 72 
7896005271964	 32 
7898409957970	 32 
7891048040003	 72 
7898024397151	 20 
7898024397458	 9 
7898024396994	 9 
78909434	 16 
7861002900117	 10 
7896283000546	 20 
7891032016403	 12 
7898909755014	 12 
7798075090011	 24 
7898921466356	 15 
7898911727405	 15 
7898911727412	 15 
7898930672328	 25 
7898930672335	 25 
7891021001885	 48 
7891021001946	 48 
7891021001960	 48 
7891021002103	 48 
7891021002127	 48 
7898279790431	 12 
7898279790387	 12 
7898279790394	 12 
7898279790400	 12 
7898279797539	 12 
7898279795061	 12 
7898279793739	 12 
7898279790417	 12 
7898591451478	 12 
7898279799953	 12 
7898279792077	 12 
7898591459214	 12 
7898279799298	 12 
7898279790776	 12 
7898279792039	 12 
7898591450921	 12 
7898279799717	 12 
7898279797072	 12 
7898591452697	 12 
7898279799083	 12 
8410525188459	 12 
7898591450143	 12 
7898591454530	 12 
7898591451102	 12 
8410525159619	 12 
7898591452710	 12 
7898591453595	 12 
7908228801672	 12 
7898591457814	 12 
8410525146435	 12 
7898591455001	 12 
7898591455025	 12 
7898279790639	 12 
7898591452734	 12 
7891024183007	 12 
7891024183021	 12 
7891000260524	 20 
7896639800028	 12 
7896639800011	 12 
7898946900699	 12 
7898930672441	 12 
7898930672472	 12 
7896007838776	 40 
7891000502105	 30 
7898930672601	 25 
7896007941254	 24 
7896007912124	 10 
7892018063015	 35 
7897122600910	 12 
7896023083679	 6 
7896023083693	 6 
7896023083716	 6 
7896452104617	 6 
7896452100343	 6 
7896519259717	 10 
7892011003001	 25 
7891048002070	 12 
7891048002087	 12 
7891048002094	 12 
7896278600232	 10 
7896278600225	 10 
7898951275010	 12 
7891095200184	 24 
7891095200450	 24 
7898649351767	 12 
7898649351774	 12 
7892840809447	 6 
7892840808051	 6 
7892840808013	 6 
7892840808020	 6 
7892840808037	 6 
7892840809409	 6 
7892840808068	 6 
7892840808099	 6 
7892840808174	 6 
7892840808044	 6 
7897744501640	 12 
7897744501664	 12 
7897744501633	 12 
7891350034844	 6 
7891350034868	 6 
7891350034950	 12 
7891350034929	 12 
7891350034936	 12 
7891048046623	 36 
7891048046616	 36 
7891048046647	 36 
7891048046654	 36 
7891048046661	 36 
7891048050057	 48 
7891048050064	 48 
7891048049020	 24 
7891048046630	 36 
7896327511472	 15 
7891048050606	 48 
7891048050620	 48 
7891048050613	 48 
7891048050637	 48 
7891048050644	 48 
7891048050668	 48 
7891048050682	 48 
7891048048979	 36 
7891048048986	 36 
7891048049013	 36 
7891048049792	 36 
7891048049006	 36 
7891048048993	 36 
084380957840	 12 
084380957345	 12 
7891032019701	 12 
084380957147	 12 
084380958045	 12 
084380957048	 12 
084380957543	 12 
084380957741	 12 
7891032019305	 12 
084380957949	 12 
084380957246	 12 
7891032019107	 12 
084380957444	 12 
084380982422	 12 
7891032019206	 12 
7898944717251	 12 
7896214536052	 12 
7896214536083	 12 
7896214536021	 12 
7896214536090	 12 
7896214536038	 12 
7896214536045	 12 
7896214532221	 12 
7896214532818	 12 
7896214532306	 12 
7896214532603	 12 
7896214534072	 12 
7896214534102	 12 
7896214532214	 12 
7896214532207	 12 
7896214534096	 12 
7896214532702	 12 
7896214532405	 12 
7896214532023	 12 
7896214532856	 12 
7896214532108	 12 
7896214534089	 12 
7896214532504	 12 
7896214532153	 12 
7896214533068	 12 
7896214533037	 12 
7896214533051	 12 
7896214533075	 12 
7896214533013	 12 
7896214533020	 12 
7896214533129	 12 
7896214533006	 12 
7896214500077	 12 
7896214500039	 12 
7896214500060	 12 
7896214500053	 12 
7896214532962	 12 
7896214532931	 12 
7896214532900	 12 
7896214532948	 12 
7896214532955	 12 
7896214532924	 12 
7896214532979	 12 
3492390020282	 12 
7896863498800	 12 
7896863444449	 12 
7713042116945	 12 
7713042147628	 12 
7713042147581	 12 
7897180010461	 6 
7898269631492	 12 
7898568901098	 12 
7898269631546	 12 
7898269631485	 12 
7897303500091	 12 
7896283000317	 20 
7898264981998	 24 
7897303500084	 12 
7896283000188	 20 
7898264983473	 24 
047400179660	 12 
047400179240	 6 
7501009222729	 12 
7640175740047	 12 
7640175742263	 6 
5000289020701	 6 
5000289929417	 3 
7891050002259	 12 
5010677715003	 3 
620213190000	 3 
7891121154009	 12 
7891121155006	 6 
7893218003757	 6 
5000291020706	 12 
7894650014448	 12 
7891095002498	 12 
7896863432156	 12 
7891042101243	 24 
7898267580181	 12 
7891048014219	 24 
7891772142684	 12 
7891772144855	 16 
7898677070883	 12 
7898677070913	 12 
7898677070890	 12 
7898677070920	 12 
7891772144862	 16 
7891772144107	 12 
7898994481324	 6 
7898994481348	 6 
5010477352934	 4 
5010477352897	 4 
5010477352873	 4 
7891772142691	 12 
7891772144831	 16 
7891772145548	 12 
7898568900312	 12 
7898568900305	 12 
7891772142219	 12 
7891772144824	 16 
7898928727184	 20 
7898928727429	 20 
7898928727757	 20 
7898928727382	 20 
7898928727405	 20 
7898928727023	 20 
7898928727306	 20 
7891772153390	 12 
7891772153413	 16 
7891048014035	 24 
7897517209438	 24 
7896006715207	 18 
7897517209155	 32 
7896278600065	 10 
7896102500820	 24 
7896102517149	 24 
7897122600286	 12 
7891095100538	 12 
3083681038057	 24 
3083680003629	 24 
7896092500282	 12 
609963143184	 12 
7891046021820	 6 
7897053931497	 12 
7897053931503	 12 
7896326100219	 6 
7896326100226	 6 
7896326100257	 6 
7891991008761	 6 
7891991001342	 6 
7891991002646	 12 
7891991012010	 6 
7891991012003	 12 
7891991000826	 12 
7891991008785	 6 
7891991001373	 6 
7891991000727	 12 
7891991002684	 12 
7891991002943	 12 
7894900911510	 6 
7894900910018	 6 
7891172151323	 90 
7891172151125	 90 
7896061934285	 96 
7896061934582	 72 
7896061931789	 50 
7892840812416	 6 
7892840812423	 12 
7892840812874	 6 
7892840812850	 12 
7892840812881	 6 
78938960	 21 
78938793	 21 
78938809	 21 
78938816	 21 
7622300869960	 21 
78938847	 21 
7622300990268	 21 
7622300870003	 21 
78938854	 21 
78938823	 21 
78938878	 21 
78938830	 21 
78938861	 21 
7899638343923	 12 
7899638343879	 12 
7899638343862	 12 
7898600721677	 12 
7898600721691	 36 
7898600721714	 12 
7898600721738	 36 
7899638343817	 12 
7898678660014	 12 
7898629570508	 12 
7891035126000	 12 
7891035128103	 12 
7899637600072	 3 
7891010560737	 48 
7894900111002	 6 
7896181501442	 12 
7896181500834	 12 
7896181501435	 12 
7896181501718	 24 
7896181500107	 24 
7898276556764	 12 
7898276556757	 12 
7898276556733	 12 
7891132040018	 12 
7897269900829	 6 
7891098040855	 6 
7891098041081	 6 
7891098040909	 6 
7891098041142	 6 
7894650938188	 12 
7894650005569	 12 
7894650003848	 12 
7894650014295	 12 
7891035618550	 12 
7891035618567	 12 
7891035617959	 24 
7891035396953	 24 
7891035396250	 24 
7898024830474	 24 
7891035024535	 24 
7891035618543	 12 
7891035618239	 24 
7891035618246	 24 
7891035024696	 12 
7898292884070	 24 
7891097000256	 6 
7891025120285	 6 
7891025113454	 6 
7897277703108	 12 
7897277703115	 12 
7897277703023	 12 
7891097000201	 6 
7891097000270	 6 
7891097101533	 6 
7891097000607	 6 
7891097010781	 6 
7891097000195	 6 
7891097101717	 12 
7891097101601	 12 
7891097101632	 12 
7891097101854	 12 
7891025114376	 6 
7891025118640	 20 
7891097089527	 6 
7896862001131	 6 
7896862000202	 6 
7896862000417	 6 
7896862000424	 6 
7896862000301	 6 
7896862000844	 6 
7896862000868	 6 
7896862001216	 6 
7896862001230	 6 
7896862001247	 6 
7896862000875	 6 
7896862000752	 6 
7896862001292	 6 
7896862000806	 6 
7896862001308	 6 
7896862000684	 6 
7897951615079	 24 
7897951614560	 6 
7897951615123	 24 
7897951614805	 6 
7891000261460	 24 
7891000252819	 24 
7891000260166	 24 
7891000252833	 24 
7891000092699	 12 
7891000096864	 6 
7891000104613	 12 
7891000241615	 12 
78936119	 12 
7891000092453	 12 
7891000250525	 6 
78936171	 12 
7891000340004	 24 
7891000305775	 10 
7891000244449	 12 
7891000244265	 24 
7891000244425	 12 
7891000073018	 28 
7891000072998	 21 
7891000072950	 21 
7891000072974	 21 
7891000260623	 12 
7891000261002	 12 
7891000094396	 8 
7891000103852	 24 
7891000261484	 24 
7891000103876	 24 
7891000275580	 6 
7891000275771	 6 
7891000261026	 6 
7891000241417	 6 
7891000254608	 6 
7896281700363	 6 
7896281700585	 6 
7897951611040	 25 
7898205923650	 12 
7898205923643	 12 
7898205924480	 12 
7898205924206	 12 
7898205924312	 12 
7898205924220	 12 
7898205924725	 12 
7891999011398	 24 
7891999003683	 24 
7891999012388	 24 
7891999010735	 24 
7891999003072	 24 
7891999003713	 24 
7898571520118	 12 
7898571520569	 12 
7898571520552	 12 
7898571520668	 12 
7898571520439	 12 
7898571520330	 12 
7898571520125	 12 
7894900123562	 6 
7894900113563	 6 
070330605282	 50 
7898080640239	 24 
7896356600161	 12 
7896356600772	 12 
7894900603705	 12 
7894900573701	 12 
7894900563702	 12 
7894900583700	 12 
7894900593709	 12 
7894000021249	 12 
7891141022852	 24 
7891141023019	 24 
7896292330023	 12 
7896292304826	 12 
7896292304819	 12 
7896102592559	 12 
7896102503708	 16 
7896102503722	 12 
7896102584103	 16 
7896102593068	 16 
7891150027848	 24 
7891031409091	 12 
7891031409404	 25 
7891031409039	 15 
7896292300460	 24 
7893000122116	 12 
7891095006878	 12 
7891095200870	 24 
80052760	 30 
80761761	 30 
80177609	 20 
78931053	 144 
78602731	 48 
78940840	 48 
78940833	 48 
78940826	 48 
7898024395867	 48 
7898024398264	 48 
7898024398257	 48 
7898024395850	 48 
7891095200207	 24 
7622210563781	 12 
7891024023815	 12 
7891121153705	 6 
7894900039061	 2 
7891991015868	 12 
7898957617586	 12 
7804320752433	 12 
7896090122707	 14 
8001929136377	 6 
8001929241545	 6 
8001929136353	 6 
7898324006166	 10 
7899771500139	 10 
7898324005176	 10 
7898324004858	 10 
7898324237737	 10 
7898324237744	 10 
7898324237768	 10 
7899771500825	 10 
7898324005152	 10 
783094062009	 10 
783094061552	 10 
783094060128	 10 
8076809576352	 10 
8076809542517	 12 
7896074605318	 6 
7896074604496	 6 
7896022203870	 28 
7896216100107	 8 
7891515475703	 6 
7891515476212	 6 
7891515475697	 6 
7891035024368	 7 
7891022856743	 12 
7891022856736	 12 
7898462402455	 12 
8710522675908	 12 
7500435121590	 12 
7500435115353	 6 
7898462400789	 6 
7898462401694	 6 
7896040700245	 6 
7896040700207	 12 
7896040702140	 12 
7891024128510	 12 
7891024039847	 12 
7891024128503	 12 
7891150008267	 12 
7891150063990	 12 
7896040705332	 12 
7896040701389	 12 
7897769500321	 4 
7897769500307	 100 
7898926177462	 6 
7898080642424	 27 
7898080640413	 27 
7898080641564	 27 
7891000107041	 27 
7891000100103	 48 
7891000322789	 48 
7898215151999	 27 
7896183201135	 12 
7898596081014	 6 
7896047801013	 24 
7896028014494	 24 
7896004400136	 24 
7896004400075	 24 
7891000101506	 24 
7898080640369	 24 
7891000001080	 12 
7891000003404	 12 
7891000284933	 24 
7891000140307	 24 
7891000109908	 24 
7891097101977	 5 
7891097101991	 5 
7891025113447	 6 
7891097001598	 12 
7891000070444	 20 
7896862002107	 6 
7896862002060	 6 
7896281701124	 6 
7891000027974	 20 
7898080640024	 12 
7898080640635	 12 
7898080640611	 12 
7898080641694	 24 
7898080640628	 12 
7898080642370	 12 
7896569405003	 12 
7891000066607	 12 
7898215157496	 12 
7898215157465	 12 
7898215157441	 12 
7898215157458	 12 
7891000106754	 12 
7898080641298	 12 
7891000325858	 24 
7891000066560	 12 
7898215157472	 12 
7898215157403	 12 
7898215157410	 12 
7891000076217	 12 
7898215157434	 12 
7898215157427	 12 
7898215157489	 12 
7898215151708	 12 
7898215152811	 12 
7896183202194	 12 
7896183202187	 12 
7896183201340	 12 
7896183201579	 12 
7896185312419	 6 
7896185312730	 12 
7896185312525	 12 
7896185312396	 6 
7896185312716	 12 
7896185312501	 12 
7896185312402	 6 
7896185312723	 12 
7896185312518	 12 
7896185312600	 6 
7898080640932	 12 
7898264986016	 24 
7891172172182	 40 
7896061953156	 48 
7896110011158	 48 
7898416522086	 12 
7896278600089	 10 
7891095100552	 12 
6001495062508	 12 
7891121212006	 6 
7891121282009	 6 
7891121287004	 6 
7891121201000	 6 
7891121219005	 6 
7896247200029	 12 
7702626153803	 36 
7891022853315	 12 
7898462401762	 6 
7898462401755	 6 
7898462403520	 12 
7898462403483	 12 
7898462403506	 12 
7891150022010	 12 
7891150071742	 12 
7891150071568	 12 
7891035060007	 12 
7891035070006	 12 
7891035115806	 12 
7898462403100	 6 
7896283004407	 10 
7610400010016	 20 
7610400013024	 20 
3046920028004	 20 
3046920028363	 20 
7610400077392	 20 
7610400068369	 20 
7610400014649	 20 
7610400014632	 20 
7610400010023	 20 
7891095016969	 12 
7898568900992	 12 
7896283000416	 20 
2000840000008	 5 
7898264982650	 24 
7896292005754	 12 
7896292005761	 12 
7891035500008	 24 
7891035501005	 12 
7891035502231	 24 
7891035502200	 24 
7891035502606	 12 
7898283814536	 10 
7896243101870	 10 
7896243106103	 10 
7896243101733	 10 
7896243106097	 10 
7896243101726	 10 
7896243101719	 10 
7896495000983	 12 
7894650937730	 12 
7894650937723	 12 
7894650014219	 12 
7894650014202	 12 
7897000800548	 12 
7897000800456	 24 
7894650938478	 24 
7894650937747	 12 
7897000800814	 12 
7894650938485	 24 
7898951850132	 20 
8076800195132	 24 
8076800315097	 24 
7898951850149	 20 
8076800195019	 24 
8076809519960	 12 
7898951850064	 30 
7898951850071	 30 
8076808060654	 12 
8076809523776	 12 
7898951850156	 20 
8076802085981	 12 
7898951850088	 30 
7898951850101	 20 
7898951850118	 20 
7898951850095	 20 
8076802085738	 12 
8076809571944	 15 
8076802085899	 12 
8076809571951	 20 
8076809529419	 20 
8076800195057	 24 
8076800195033	 24 
8076808150072	 24 
8076808201293	 12 
8076809501415	 14 
7898097961020	 6 
7898097961013	 5 
7898097961037	 5 
7898915654073	 10 
7898915654042	 10 
7898915653380	 10 
7898915653274	 10 
7898915654011	 10 
7898915654028	 10 
7898915653281	 10 
7896193800007	 12 
8001250152091	 12 
8001250121264	 12 
8001250152336	 12 
7896022203566	 20 
7896022200381	 20 
7896022200312	 20 
7896022200756	 30 
7896022200732	 30 
7896022204495	 30 
7896022200664	 20 
7896022200350	 20 
7896022200534	 20 
7896022203733	 20 
7896022203726	 20 
7896022200572	 20 
7896022205294	 20 
7896022206918	 20 
7896022201906	 50 
7896022201944	 50 
7896022201913	 50 
7896022201937	 50 
7896193800502	 12 
7896193800380	 12 
7896193800199	 12 
7896022200169	 20 
7896022204846	 20 
7896022203719	 20 
7896022207571	 24 
7896022201340	 30 
7896022200282	 30 
7896022201746	 20 
7896022200046	 30 
7896022200060	 20 
7896022200206	 20 
7896022207564	 24 
7896022203702	 20 
7896022207557	 24 
7896022203634	 20 
7896022200213	 20 
7896022200039	 20 
8851876201846	 6 
8851876200740	 6 
7896193800113	 12 
7896193800229	 12 
7896193800335	 12 
7896193800281	 24 
7891079011515	 20 
7896181502043	 20 
8076804765591	 16 
8076809575522	 15 
8076809575515	 12 
8076809575492	 15 
8076809575553	 20 
8076809575560	 20 
736532729453	 5 
736532729460	 10 
4710979890033	 5 
8076809545457	 8 
8076800315264	 24 
7896216100220	 5 
7898077980300	 10 
8076809545440	 12 
7896216100206	 5 
7898077980744	 5 
7898077980737	 5 
7897942100010	 5 
7897942100027	 5 
7898077980706	 6 
7896216100886	 5 
7896003702385	 24 
7896003702347	 24 
7896003702415	 24 
7896003702309	 24 
7891031412039	 25 
7891031412053	 25 
7897517205508	 36 
7896102583182	 16 
7896102582949	 16 
7894000050720	 12 
7891150027800	 12 
7894000050027	 24 
7894000050034	 12 
7891150061606	 12 
7891031412015	 25 
7891031412022	 25 
7891031412091	 12 
7891031412190	 12 
7891031412145	 25 
7891031412077	 15 
7891999004888	 12 
7896532107163	 30 
7896519237340	 20 
7898264982810	 24 
7898264982896	 24 
7898924049365	 12 
7898924049372	 6 
7896331100143	 24 
7896331100136	 24 
7896331100051	 30 
7896331100310	 48 
7896331100327	 24 
7898994436416	 12 
7898994436461	 12 
7898960212358	 12 
7891515901066	 24 
7891080400087	 12 
7893000394117	 24 
7893000394209	 12 
7893000382961	 24 
7893000383005	 12 
7501035010314	 12 
7891048051054	 36 
2005308000002	 7 
7898629570928	 12 
7898629570409	 14 
7898629570348	 14 
7898629570423	 14 
7898629570959	 12 
7891125000074	 12 
7891125000104	 12 
7898915654080	 10 
7898915654059	 10 
7898951850217	 28 
7896756205010	 20 
7896756200114	 10 
7896756200015	 20 
7896296800126	 25 
7896677800035	 20 
7898957617548	 12 
7898957617555	 12 
7896216100046	 18 
7898065550010	 20 
7898065550041	 5 
040232764370	 15 
7899468507021	 6 
7899468501623	 6 
7898258951167	 12 
7898258951785	 12 
7898258951051	 12 
7898258950047	 12 
7898258950849	 12 
7898258951068	 12 
7898258950313	 12 
7898258950269	 12 
7898258950054	 12 
7898258951150	 12 
7898258951754	 12 
7898258951860	 50 
7898258951761	 12 
7898258951075	 12 
7898258950542	 12 
7898258950061	 12 
7898258951778	 12 
7897771400718	 24 
040232946660	 35 
7898258950115	 12 
7897771400336	 24 
7897771400770	 15 
7897771400084	 12 
7897771400756	 15 
7897771400077	 12 
7897771400176	 24 
7897771400763	 15 
7897771400091	 12 
7893753603023	 12 
7896278636057	 12 
7898258951006	 12 
7898258950160	 12 
7898258950993	 12 
7898951185180	 15 
7891031305010	 15 
7713042147642	 12 
78922310	 6 
78922327	 6 
78922334	 6 
7896262304351	 16 
7896262304306	 16 
7891150051768	 12 
7891150033825	 15 
7891150026261	 15 
7891150009585	 15 
7894321632032	 30 
7896278600041	 10 
7897517209391	 24 
7896278600027	 10 
7891095006984	 24 
3083681069518	 24 
3083681003420	 24 
3083680041713	 24 
7897517209025	 32 
7896292340503	 24 
7896102500608	 24 
7896102501155	 24 
3083681026122	 24 
3083681080803	 24 
7891032013259	 12 
7622210693280	 6 
7622210476838	 12 
7622300631574	 12 
7622300787837	 12 
7891150021174	 15 
7898963434023	 10 
7896653708720	 16 
7896653708317	 16 
7891515485528	 16 
7898963434047	 10 
7898963434016	 10 
7898929750075	 10 
7898929750099	 10 
7898929750082	 10 
7898963434030	 10 
7891089071110	 12 
7892018013003	 35 
7896181502968	 12 
7896181501572	 12 
7896007857203	 12 
7896007857210	 12 
7896005280911	 12 
7896005217023	 12 
7896005272046	 12 
7896005272022	 12 
7891048067208	 18 
7891048067192	 18 
7891048061794	 18 
7891048063095	 12 
7891048063101	 12 
7891048061800	 18 
7898080642165	 12 
7898080641588	 12 
7898080641786	 12 
7898080641618	 12 
7898080641601	 12 
7898568900985	 15 
7898264986610	 24 
7891048063118	 12 
7891095001392	 12 
7897942100447	 5 
7897942100430	 5 
7891048064115	 18 
7896532107170	 30 
7898264986108	 24 
7898264982933	 24 
7891000155806	 12 
7898649350401	 12 
7898649350340	 12 
7898649350425	 12 
7898649350333	 12 
7898649350418	 12 
7898649350388	 12 
7896214500763	 12 
7896247400214	 6 
8076809513388	 6 
7896102592610	 24 
7896102000160	 16 
7896041172638	 12 
7891031409459	 15 
8076809513661	 6 
8076809513739	 6 
7896292304840	 12 
7891150071216	 12 
7891150071247	 12 
7896102592603	 24 
7897517206727	 36 
7896048282330	 12 
7896223200708	 6 
7896181501664	 24 
8715700411316	 12 
7896007811311	 24 
7896299110543	 3 
7898957617050	 12 
7896181501671	 24 
7896007800872	 24 
7898286190316	 24 
7896247400207	 6 
7896007811304	 24 
7891234000187	 24 
7891032015918	 24 
011210115606	 12 
011210009530	 12 
7898957617067	 12 
7891150023918	 6 
7891150005396	 6 
7891150005419	 6 
7896247400122	 6 
7896102593051	 24 
7891032015710	 12 
7891032015727	 12 
7896036098974	 24 
7896036095904	 24 
7896036094969	 24 
7897517206741	 32 
7897517206772	 32 
7891031411049	 6 
7896181500100	 12 
7896181501688	 24 
7896007811403	 24 
7896247400153	 12 
7896196080505	 12 
7896196080536	 12 
7896196080512	 12 
7896048282309	 12 
7897517206765	 36 
7896102592993	 24 
8076809513692	 6 
8076809513708	 15 
7891031409602	 12 
7896299110451	 6 
7896223203136	 5 
7897942100096	 6 
7896048284730	 12 
7896048284747	 12 
7891031411025	 6 
7896196062341	 6 
8076809579346	 12 
8076809513746	 12 
7891031411018	 6 
7891031403013	 24 
8076809513395	 6 
7891032015697	 12 
8076809521543	 6 
078895300024	 3 
7896007801176	 12 
7896007865970	 12 
7896007800896	 24 
7896036097458	 12 
7896036090879	 12 
7896048283139	 12 
7896036093467	 12 
7896036090909	 12 
7896299109431	 6 
7896181500117	 12 
7898596081045	 6 
7896181502869	 12 
7896181502852	 12 
7896007810017	 24 
7897517206819	 32 
7896247400016	 12 
7896181502272	 12 
7897517206116	 32 
7891031409213	 12 
7891300900359	 24 
7897517206086	 32 
8076809523561	 6 
7896247400061	 6 
7892013003009	 25 
2000828000006	 7 
7898907631266	 14 
2000893000000	 9 
2000824000000	 20 
7897268101951	 20 
2000873000006	 8 
2011678000009	 10 
7891031405031	 12 
7891031405017	 25 
3077310532054	 12 
3077317532057	 12 
7897269900294	 6 
7896292304833	 12 
7898957617647	 12 
7891031410271	 15 
3036810201280	 12 
7898957617654	 12 
7896102503715	 16 
7891150027794	 24 
7891031405406	 15 
7891031406403	 15 
7891031406014	 25 
7891032015994	 24 
7898161870999	 12 
7898161870920	 12 
7891000035634	 12 
7896004005379	 24 
7896004005423	 24 
7898133290626	 12 
7898065080500	 12 
7896005401279	 12 
7896005401330	 12 
7896005401286	 12 
7896005401293	 12 
7896005402757	 12 
7896005401347	 12 
7896005401320	 12 
7896005401323	 12 
7898206502182	 27 
7898596080994	 6 
7896185312334	 12 
7898206500706	 27 
7896185312303	 12 
7896185312327	 12 
7891121031003	 12 
7891000026403	 24 
78900554	 24 
7891000307120	 24 
7891000307083	 24 
7613037064643	 24 
7613037094732	 24 
7891000315507	 24 
7891000315200	 24 
7891000300503	 24 
7891000306703	 24 
7891000307045	 24 
7891000029329	 24 
7891000010860	 24 
7891000111161	 24 
7891000104101	 12 
7891000056523	 12 
7891000098950	 24 
7896024726582	 20 
7896024726827	 20 
7896024726667	 20 
7896216100268	 12 
7898956700609	 12 
7891079000205	 50 
7891079000212	 50 
7891079000229	 50 
7891079000243	 50 
074601008406	 10 
7898264981905	 24 
7898264987150	 24 
7898264981899	 24 
7891035570001	 12 
7791130002554	 12 
7893000949430	 16 
7893000949270	 16 
7893000949355	 16 
7898024394181	 12 
7898024396529	 6 
7898024395236	 10 
7898024395232	 10 
7898024397892	 12 
7898024398622	 15 
7896798601917	 24 
7896798601887	 24 
7896798602310	 24 
7897744502616	 12 
7897744502630	 12 
7897744500858	 12 
7897744500872	 12 
7897744500902	 12 
7896319800027	 5 
7896319800041	 5 
7896319800010	 5 
7896564403011	 6 
7896036090626	 20 
7896036090824	 20 
7898905356567	 12 
7898994620723	 15 
7898905356185	 12 
7898994620716	 24 
7898922505009	 6 
7898905356840	 6 
7898596080574	 12 
7896007830763	 24 
7897600306006	 6 
7897600301001	 6 
7896036090602	 20 
7896291309600	 6 
7896036090619	 20 
7896036090954	 20 
78901919	 24 
7898247780075	 20 
7896036090244	 6 
7898269630877	 12 
7898073358240	 12 
7891150064928	 12 
7898264982681	 24 
7898264984197	 24 
7892840814816	 22 
7898962676097	 24 
7892840818258	 22 
7892840814779	 20 
7898409951404	 12 
7898131940554	 10 
7896664500023	 30 
7891031118016	 15 
7896743970044	 30 
742832741897	 30 
7893753602637	 10 
7893753602606	 10 
7896664500184	 30 
7898306102596	 12 
7898647490161	 24 
7898647490178	 24 
7898306100417	 18 
7896336007829	 24 
7896336002725	 24 
7896336002732	 24 
7896336005917	 24 
7896336004828	 24 
7896336011383	 6 
7896336002237	 24 
7896336006624	 50 
7896336006945	 10 
7896336014353	 24 
7896051215004	 12 
7896051216001	 12 
7896051020158	 20 
7891334150010	 20 
7891031110034	 15 
7896278635012	 15 
7891031110072	 15 
7898167466004	 15 
7896278632646	 15 
7898960219227	 6 
7898960219159	 15 
7898960219180	 15 
7898969219433	 6 
7898969219440	 6 
7898960219081	 6 
7898960219043	 15 
7896278633667	 15 
7896278634855	 15 
7891031110096	 15 
7896278632660	 15 
7898996016319	 25 
7898996016302	 25 
7891962000022	 24 
7891962000015	 24 
7891962018546	 24 
7891962018553	 24 
7898663620306	 24 
7896090101351	 24 
7896090101368	 24 
7702425537859	 24 
7896283006241	 6 
7891962051345	 8 
7891962051338	 8 
7897566810036	 30 
7897566810012	 50 
7898380411799	 10 
7898380411249	 10 
7897173098827	 12 
7891962047379	 24 
7891962054896	 24 
7898337000977	 12 
7898901250005	 10 
7898600721615	 10 
7898600721622	 10 
7896074600993	 26 
7896074601068	 26 
7896074604380	 10 
7898901250722	 10 
7896074600016	 10 
7898901250746	 10 
7898901259015	 25 
7896074600085	 15 
7891095300808	 30 
7891962057620	 8 
7896283006043	 6 
7891962057613	 8 
7896283006142	 6 
7898911727399	 25 
7898911727382	 25 
7896026800709	 4 
7896061915109	 16 
7896061915208	 8 
7891172432804	 4 
7896914001713	 4 
7896233701394	 8 
7896233701370	 16 
7896233701523	 8 
7891172421174	 16 
7891172432019	 4 
7891172432026	 4 
7896018704275	 4 
7898911727535	 25 
7898930672694	 25 
7896061920202	 12 
7896914000716	 12 
7898264981929	 24 
7898264981936	 24 
7891089436650	 12 
7896196059044	 6 
7891089044244	 6 
7898964064328	 6 
7897517206567	 32 
7891035032004	 12 
7891035032103	 12 
7898126320941	 6 
7898126320859	 10 
7896336007294	 20 
7898126320897	 12 
7898126320507	 12 
7898126320484	 12 
7898126320866	 12 
7898126320422	 6 
7898937868458	 12 
7898937868441	 12 
7898937868472	 12 
7898937868434	 12 
7898937868403	 12 
5281117006306	 12 
7898126320873	 12 
7898126320842	 12 
077428140052	 12 
7896009301193	 24 
7896009301186	 24 
7896009301179	 24 
7896009301162	 24 
7898904507366	 12 
7898947526911	 12 
7898947526928	 12 
7898947526942	 12 
7894650701409	 12 
7894650155011	 12 
7894650003060	 12 
7894650002049	 12 
7894650002667	 12 
7894650002117	 12 
7896336010515	 30 
7896653702483	 24 
2000977000001	 5 
2001042000001	 5 
7898649351781	 20 
7891031112304	 15 
7891031112120	 12 
7891031112427	 12 
7891031112335	 15 
7891032016106	 12 
7896536500342	 24 
7898161870890	 12 
7898161870906	 12 
7898161870852	 12 
2011153000005	 10 
2011154000004	 6 
7891031113301	 12 
7896067200032	 12 
041333001005	 12 
041333001074	 12 
041333001098	 12 
7896009765131	 18 
041333000992	 12 
041333001029	 12 
041333030135	 12 
041333121062	 12 
7896009765148	 12 
7896009718113	 12 
7896009761911	 12 
7891031403167	 12 
7891031403105	 12 
7897517208288	 25 
7891031403129	 12 
7898264981943	 24 
7898264981967	 24 
7898264981974	 24 
7898264981981	 24 
7898264981950	 24 
7896181500339	 12 
7892840814793	 40 
7892840814823	 40 
7898176070025	 18 
7891024194102	 12 
7891024194607	 12 
7898677070807	 12 
7898677070210	 12 
7898677070371	 12 
7898677070388	 12 
7896395753545	 10 
7898994462552	 24 
7898953538205	 12 
7898953538472	 12 
7898953538403	 12 
7896395725207	 10 
7898959778353	 12 
7891095022625	 15 
7896216102002	 12 
7898080640963	 24 
7898401210035	 6 
7894321631011	 30 
7896519216307	 60 
7896519215003	 60 
7896519210206	 60 
7896519211104	 60 
7896304220014	 20 
7896304220175	 20 
7896304220489	 20 
7896304220564	 20 
7896304220632	 20 
7896304220878	 20 
7896519216505	 60 
7896519210602	 60 
7896519210077	 60 
7896519210015	 60 
7896036095119	 12 
7896278600270	 10 
7891095300617	 12 
7896278600263	 10 
7891095300631	 12 
7891095030200	 36 
7891095100934	 36 
7891095008452	 36 
7891095100125	 36 
7891095002207	 36 
7894900504002	 6 
7894900501001	 6 
7898551100040	 30 
7500435123884	 12 
7500435154420	 12 
7500435154437	 12 
7501009222736	 12 
2009633000003	 7 
7898907631990	 15 
7898907631006	 15 
2000813000004	 7 
2000847000001	 7 
2000817000000	 7 
2001046000007	 7 
7891515484422	 20 
8412954020737	 15 
7896006791072	 20 
7896006791096	 20 
7896283003059	 10 
7896283002229	 10 
7896007540266	 60 
7896063281592	 12 
7891048045138	 36 
7891048044544	 36 
7898264986634	 24 
7891095010837	 24 
7894650013861	 12 
7894650001561	 12 
2000871000008	 11 
2001044000009	 8 
7897809036018	 12 
7898205920239	 12 
7896030519826	 16 
7896030520013	 12 
2022616000005	 8 
2,00085E+12	 1 
2005289000008	 30 
2005149000001	 30 
2022617000004	 4 
7898958540555	 8 
2000964000007	 8 
2022618000003	 8 
2001096000002	 12 
7898958540746	 8 
2000859000006	 21 
7898905835451	 10 
2012744000008	 8 
7898905835338	 15 
2000875000004	 0 
2000825000009	 24 
7898923336206	 27 
7898955617526	 20 
2001069000008	 6 
2008927000002	 12 
2001090000008	 7 
2016714000005	 24 
7891143017405	 42 
7891143017399	 42 
2019680000000	 8 
2008650000003	 24 
2000803000007	 12 
2006314000000	 24 
2013841000007	 10 
7891999960054	 20 
7896034680126	 20 
7898924049051	 20 
2013499000008	 3 
7891143001206	 20 
7896097617114	 12 
7896097604039	 12 
7896097617138	 12 
7896283001987	 10 
7891095016853	 12 
7896283003585	 10 
7896283002878	 10 
7897122601962	 12 
7898568900886	 12 
7898568900879	 12 
7898568901005	 12 
7898568901012	 12 
7898568900404	 12 
7896003926989	 12 
7891000115633	 12 
7891000115657	 12 
7891000244135	 12 
7891000244746	 12 
7891000115862	 12 
7891000115909	 12 
7891000118108	 12 
7896029069196	 10 
7896029075685	 10 
7896029006948	 10 
7896029006719	 10 
7896029007112	 10 
80052487	 16 
8000500023976	 6 
8000500232057	 12 
7894650126165	 12 
7894650000373	 12 
7894650014158	 12 
7894650014134	 12 
7894650014141	 12 
7894650000403	 12 
7894650000397	 12 
7894650003879	 12 
7898942723018	 12 
7896289400098	 36 
8001665701983	 8 
8001665700078	 8 
7896216100527	 15 
7891132000029	 10 
7891132000012	 20 
7622210696373	 15 
7622210696533	 15 
7622210696632	 15 
7622210696328	 15 
7622210696595	 15 
7622210696441	 15 
7622210696489	 15 
7622210696670	 15 
7622300391461	 15 
7896490290587	 15 
7896490290648	 15 
7896490290662	 15 
7896490290686	 15 
7896490290730	 15 
7898080642318	 15 
7898080642301	 15 
7898080642325	 15 
7898080642288	 15 
7891132082421	 15 
7891132005987	 15 
7891132082469	 15 
7891132006045	 15 
7891203050588	 15 
7622300867539	 15 
7622300867584	 15 
7622300867577	 15 
7622300867614	 15 
7622300861759	 15 
7622300861346	 15 
7622300861834	 15 
7622300820770	 15 
7622300861193	 15 
7622300861872	 15 
7622300861919	 15 
7622300861957	 15 
7622300861261	 15 
7622300861308	 15 
7622300391898	 15 
7622300861223	 15 
7622210932419	 15 
7622210762962	 15 
7622300867492	 15 
7622300862039	 15 
7622300862077	 15 
7622300732943	 15 
7894900011753	 4 
7894900011517	 6 
7894900010015	 6 
7894900011708	 6 
7894900011609	 6 
7894900011203	 8 
7894900011159	 6 
78908901	 12 
78912908	 6 
7894900701753	 4 
7894900701517	 6 
7894900700015	 6 
7894900701609	 6 
7894900700398	 12 
7894900701159	 6 
78933873	 12 
78912892	 6 
78936478	 12 
7896052600236	 6 
7896052606702	 6 
7896052603497	 6 
7896052603510	 6 
7896052600458	 6 
7892840800079	 12 
7892840800000	 6 
7896052600243	 6 
7894900321753	 6 
7894900320015	 6 
7891991001359	 6 
7891991000833	 12 
7891991001380	 8 
7894900681000	 6 
7894900061512	 6 
7894900680522	 6 
7894900680508	 6 
7894900681017	 6 
7896186300187	 6 
7896186300194	 6 
7896186300118	 6 
7896186300125	 6 
7896186300156	 6 
7896186300132	 6 
7896186302884	 6 
7896186300149	 6 
7891031112762	 12 
7896097616476	 12 
7896097604084	 12 
7896097604046	 12 
7896040701815	 12 
7894650937679	 12 
7894650079027	 12 
7898135810327	 12 
7896353300323	 16 
7896353300064	 10 
7896353300033	 16 
7896077622220	 8 
78902077	 24 
78902091	 24 
7896862001643	 6 
7896030518751	 24 
7896030518027	 24 
7898205923858	 12 
2000877000002	 0 
7896003904727	 6 
7896003904758	 6 
7896003904710	 6 
7891055112403	 12 
7896011106083	 24 
7896011104959	 24 
7891050004208	 12 
7898907632522	 18 
2000923000000	 3 
7897327900532	 5 
7897327900549	 5 
7897327900556	 5 
7891340330314	 10 
7891340330215	 10 
7891050004734	 12 
089540468709	 12 
7891050004307	 12 
7897664171756	 12 
7891150052437	 12 
7891150026025	 12 
7891150019560	 12 
7898422746827	 12 
7898422746759	 12 
7897751902171	 12 
7897751900337	 12 
7897751900351	 12 
7897751902164	 12 
7897751900368	 12 
7897534805378	 6 
7897534808461	 6 
7897534808645	 6 
7897534815506	 6 
7897534815513	 6 
7891150059887	 12 
7891150059917	 12 
7891150059856	 12 
4005900521934	 12 
4005900521910	 12 
4005900522016	 12 
4005900521996	 12 
7891024112700	 12 
7896512909763	 12 
7896512909787	 12 
7891024034910	 12 
7891024034996	 12 
7891024035078	 12 
7891024027226	 24 
7891024040102	 6 
7891024115107	 12 
7891024036952	 12 
7896060401559	 12 
7896060400101	 10 
7896060401320	 50 
7896060401467	 12 
7896056401983	 50 
7896098900901	 10 
7896098900109	 10 
7896098906118	 50 
7896055501103	 12 
7891150064324	 20 
7891150064317	 20 
7891150032774	 20 
7896098900741	 20 
7896098900710	 20 
7891132019021	 24 
7891132019045	 24 
7891132019038	 24 
7898663620085	 25 
7898663620054	 25 
7898663620061	 25 
7898663620030	 25 
7898663620078	 25 
7898663621044	 20 
7898663621037	 20 
7898663621020	 25 
7898663620771	 25 
7898930672663	 25 
7898930672670	 25 
7898911727863	 30 
7892840816261	 14 
7891048064023	 12 
7891048064030	 12 
7896278610125	 10 
7891095300495	 12 
7896007810123	 24 
7896007800018	 24 
7896035210001	 30 
7896035210018	 30 
7896035271545	 24 
7896278634657	 12 
7896278633483	 12 
7896278633506	 12 
7896278633513	 12 
7896278633520	 12 
7896110100043	 30 
7896110100814	 30 
7896035210087	 20 
7897846901102	 20 
7898649351934	 12 
7898649351132	 12 
7898649350845	 12 
7898649350456	 12 
7896283000164	 10 
7891095600847	 12 
7898957617807	 12 
2022914000004	 12 
7898957617494	 12 
7898649350722	 12 
7898649350562	 12 
7898957617517	 12 
7898957617500	 12 
7898957617487	 12 
7896532107194	 30 
2001059000001	 5 
7891164006204	 36 
2013539000005	 5 
2022608000006	 5 
2000848000000	 5 
2000917000009	 6 
2001060000007	 3 
7892840255442	 12 
7892840120214	 12 
7892840255541	 12 
7892840814427	 8 
7892840816414	 12 
7892840252649	 12 
7892840222444	 12 
7892840816254	 12 
7892840817152	 84 
7892840818357	 8 
7892840253745	 12 
7892840816674	 24 
7892840816339	 14 
7892840816322	 14 
7892840816193	 8 
7892840816438	 12 
7892840816452	 12 
7892840253844	 12 
7896053800932	 12 
7892840817060	 27 
7898171341083	 20 
7896292342736	 20 
7896292342705	 20 
7896292342712	 20 
7896292342729	 20 
7896053800468	 12 
7896053800574	 12 
7898264982421	 24 
7898264982438	 24 
7898264986085	 24 
7899567218231	 24 
7896031232083	 24 
7891022861044	 12 
7891022852707	 12 
7891022860139	 12 
7891022861075	 12 
7896299101077	 5 
7896299101046	 5 
7896299109721	 5 
7896299101107	 6 
7896299109783	 6 
7896079900449	 12 
7896009301049	 54 
7896009301063	 54 
7894321811789	 54 
7891132019403	 48 
7891132000449	 24 
7891132019724	 12 
7891132019717	 24 
7891132019731	 24 
7891132019274	 24 
7891132019281	 48 
7894900180541	 6 
7894900180503	 6 
7894900180022	 6 
7891035023507	 12 
3083681015676	 24 
7896102505016	 24 
7896102500530	 24 
7891032012658	 12 
7897517209278	 32 
7897327901621	 6 
7897327901614	 6 
7898944019935	 12 
7896283005268	 10 
7898568900978	 12 
7891095200696	 12 
78989177	 12 
7898917072974	 12 
7898950172105	 28 
7897042700264	 20 
7897042700295	 20 
7897042700257	 20 
7897042700080	 20 
7898269631966	 12 
7891150044555	 12 
7891150054462	 12 
7791293005010	 12 
7891150021693	 12 
7896235353324	 12 
7896235353331	 12 
7898919411993	 12 
7506309840024	 6 
7501007413921	 6 
7501001165246	 6 
7896235353355	 12 
7896007800056	 24 
7896007811007	 24 
7896007800001	 24 
7891991296472	 24 
7891149840878	 15 
7891149106608	 6 
7891991297592	 8 
7891991297615	 8 
7891991297639	 8 
7891991297653	 8 
7896053800970	 12 
7896053800581	 12 
7896053800444	 12 
7896053800451	 12 
78903784	 16 
7891097000881	 8 
78912274	 6 
78912298	 6 
7898099001342	 12 
7893000084308	 20 
7893000084315	 20 
7894000080505	 12 
7891000530603	 12 
7891132009374	 23 
7891132007509	 23 
7891132009626	 12 
7891132009640	 12 
7891132007530	 23 
7891132007486	 23 
7891132007523	 23 
7891000582305	 24 
7891000582107	 24 
9506921214058	 4 
7456979717136	 4 
7456979717174	 6 
7456979717150	 6 
9508698415232	 4 
7456979717044	 6 
9506921214041	 6 
7456979717068	 6 
7896072903805	 12 
7898255980375	 12 
7892840814762	 21 
7898192030485	 12 
7898192032533	 12 
7898192030287	 12 
7898192039914	 12 
7896267774753	 6 
7898953148169	 6 
7899916904778	 12 
7898553442957	 6 
7896931614194	 12 
7898553442940	 6 
7896267774739	 6 
7891156020218	 27 
7896196059419	 24 
8410280207037	 6 
7896237903152	 12 
7891141025570	 6 
7891141032219	 24 
7891141019838	 6 
7896855901745	 12 
7896931614132	 12 
7891141023910	 6 
7896452100688	 6 
7896267704095	 12 
7898953148220	 6 
7896185313157	 12 
7898938310741	 6 
7896855907501	 12 
8801105909562	 12 
7896623100462	 6 
7894900610017	 6 
7894900612073	 6 
7894900612004	 6 
7894900611076	 6 
7894900611014	 6 
7898553446979	 6 
7898953148275	 6 
7894900612059	 6 
7896000557056	 12 
7896000554369	 12 
7896000550064	 12 
7896000555359	 12 
7896000556066	 12 
7896267774791	 6 
7896267774821	 6 
7896267774807	 6 
7898553442933	 6 
7898553443862	 6 
7898553443886	 6 
7898553445613	 6 
7898553446986	 6 
7896267772612	 12 
7896267772605	 12 
7896267772582	 12 
7896267772575	 12 
7898953148541	 6 
7622300390907	 15 
7622300851156	 15 
7622300861148	 15 
7622300391065	 15 
7622300391324	 15 
7622300861186	 15 
7622300391553	 15 
7622300391645	 15 
7622300391713	 15 
7622300391768	 15 
7622300391850	 15 
7622300391942	 15 
7622300830229	 15 
7622210655585	 15 
7622210932402	 15 
7622210932358	 15 
7892018034008	 25 
7896623100509	 6 
7896623100622	 6 
7896004007427	 36 
7896004005270	 36 
7896004004679	 36 
7896004005805	 24 
7898192030010	 12 
7898192030577	 12 
7898192030249	 12 
7898192030539	 12 
7898192030584	 12 
7898192030065	 12 
7898192030270	 12 
7898192030072	 12 
7896048285270	 12 
7891150021884	 12 
7891150043763	 7 
7891200190942	 24 
7898945163026	 30 
736532495662	 30 
7898941911065	 24 
7898941911072	 24 
7896216101111	 12 
7898269630709	 6 
7898269630211	 6 
7896283000171	 10 
7898269631959	 12 
7896020160052	 12 
7891079000427	 24 
7891079000410	 50 
7891079000434	 50 
7896216100176	 12 
7896181502357	 24 
7908355601008	 25 
7896289900581	 20 
7898994081623	 24 
7898963886037	 20 
7898053590080	 20 
7898963886259	 12 
7898264987204	 24 
7898264986023	 24 
7891000502204	 30 
7891150051775	 12 
7891150051812	 12 
7891000006689	 42 
7898264986795	 24 
7897269900621	 6 
7898264987242	 24 
7898264986030	 24 
7898649350463	 24 
7898649350470	 24 
7898649350494	 24 
7896299102012	 5 
7501035010109	 12 
7501035042322	 12 
7861002901831	 12 
78934696	 14 
7861002901855	 12 
78600027	 14 
78600010	 14 
78605831	 14 
7702425809697	 24 
7896914011392	 24 
7894321218526	 6 
7894321242521	 27 
7891032015222	 12 
7896196082622	 24 
7896196080444	 24 
7891032015215	 12 
7896196062334	 24 
7896196082585	 24 
7898264983169	 24 
7891156042012	 27 
7891156040018	 27 
7891156044016	 27 
7891156041015	 27 
7892840817091	 27 
7892840816872	 20 
7892840817077	 27 
7892840816896	 27 
7896341130758	 20 
7892840817107	 27 
7892840816858	 20 
7896341130079	 20 
7892840817084	 27 
7892840816919	 20 
7891962053196	 36 
7891962053226	 36 
7891962053202	 36 
7891962053189	 36 
742832623353	 30 
7896073906058	 24 
7891962005959	 30 
7898912222244	 20 
7898067340671	 10 
7898649351361	 12 
7898649351378	 12 
7898649351385	 12 
2001073000001	 2 
7622210839602	 12 
7895800304235	 21 
7622210887658	 16 
7622210885760	 16 
7895800304211	 15 
7895800309780	 21 
7895800304228	 21 
7895800430002	 21 
7895800911150	 15 
7622300842246	 21 
7622210862679	 12 
7895800201503	 21 
7622210839640	 12 
7622210887863	 6 
012546672511	 12 
012546612296	 12 
012546675215	 12 
012546619592	 12 
7622210888457	 6 
7896278600058	 10 
7891095400751	 12 
5410291007636	 3 
7896532107217	 30 
7891035040191	 12 
7891035051265	 12 
7891035200007	 12 
7891035040009	 12 
7891035041006	 12 
7891035040702	 12 
7891035050602	 12 
7891035017001	 12 
7891035040450	 12 
7891035040405	 12 
7891035040436	 12 
7891055003589	 12 
7891055020081	 12 
7891035216107	 12 
7891035216008	 12 
7891035215605	 12 
7891035245008	 24 
7891035285189	 24 
7891035215001	 24 
7891035209000	 24 
7891035209901	 24 
7891035210006	 24 
7891035211409	 12 
7891035224102	 12 
7891035225109	 12 
7891035228100	 24 
7891035224003	 12 
7891035225000	 12 
7898024830191	 12 
7898024830207	 12 
7891035028304	 24 
7898024830177	 12 
7898024830184	 12 
7891035800078	 12 
7898178830634	 12 
7898178830764	 12 
7898178830870	 24 
7898178830887	 20 
7898178830832	 24 
7898178830849	 24 
7898178830856	 24 
7898178830627	 12 
7898178831266	 12 
7898178830603	 12 
7898178830481	 12 
7898178831969	 24 
7898178831198	 12 
7898178830498	 12 
7898178830719	 12 
7898178830757	 12 
7898178830733	 12 
7898178830665	 12 
7898178830863	 12 
7898178830054	 12 
7891031408056	 12 
7896048284075	 12 
7896048258038	 12 
7896048200051	 12 
7896048284778	 12 
7896048284242	 12 
7896048254016	 12 
7896048284761	 12 
7896048255013	 12 
7896196083025	 12 
7896048200105	 12 
7898908593020	 6 
7898908593310	 12 
7898908593013	 12 
7898908593174	 12 
7898434400120	 12 
7898434400014	 12 
7898908593686	 12 
7896048258014	 12 
7896756803780	 12 
7896756802660	 6 
7896756803445	 6 
7896756802677	 6 
7896452106000	 6 
7896452104358	 6 
7896452104204	 6 
7896452104167	 6 
7896267778522	 12 
7896267778515	 12 
7896267778539	 12 
7896267778546	 12 
7896267778560	 12 
7896267778553	 12 
7896267778584	 12 
7896267778577	 12 
7891141023569	 12 
7891141021619	 12 
7793440000879	 6 
7793440000619	 6 
7793440702964	 6 
7793440702926	 6 
7793440702940	 6 
7793440703138	 6 
5601096200319	 6 
7896452113039	 6 
7896452104457	 6 
7896452104464	 6 
7896452104471	 6 
7896452104594	 6 
5601096328303	 6 
5601096351301	 6 
5601096201408	 6 
5601096201309	 6 
7804320303178	 12 
7804320087016	 12 
7804320256900	 12 
7804320510187	 12 
7804320985633	 12 
7804320510163	 12 
7804320131344	 12 
7804320301174	 12 
7804320510170	 12 
8410310025020	 12 
7896023085734	 6 
7896023081545	 6 
7896023085710	 6 
7896023081538	 6 
7804340902573	 12 
7804340901545	 12 
7804320116846	 12 
7804320116921	 12 
7798039590496	 12 
7804320148397	 12 
7804320116952	 12 
7804320116815	 12 
7804320636009	 12 
7804320753607	 12 
7804320119434	 12 
7804340808011	 12 
7804340100184	 12 
7804340100054	 12 
7804340822178	 12 
7804340808028	 12 
7896267773756	 12 
7896267773800	 12 
7896267773862	 12 
7896267773749	 12 
7896267773640	 12 
7896267773664	 12 
7896267773831	 12 
7896267773657	 12 
7896267773855	 12 
7896267773794	 12 
7896267773787	 12 
7896267773848	 12 
5601109113025	 6 
5601109111373	 6 
3263286518288	 12 
7896072903768	 12 
7896072902945	 12 
7896072902938	 12 
7896072902921	 12 
3500610085338	 12 
3500610093708	 12 
7896756802707	 12 
7804300010638	 12 
7804300122805	 12 
7804300120641	 12 
7798081661939	 12 
7804300120603	 12 
7804300137366	 12 
7804300010645	 12 
3263286301323	 12 
3263286328993	 12 
7896452101555	 6 
7896452104501	 6 
7896452100794	 6 
7896452104105	 6 
7896452104006	 6 
8008820156220	 12 
8008820156244	 12 
7804340902535	 12 
7804340902580	 12 
7808765719754	 12 
7808765719747	 12 
7808765709885	 12 
7808765709861	 12 
7808765743872	 12 
7808765709892	 12 
7798078235877	 6 
7896756800086	 6 
7896756800116	 6 
7896756800093	 6 
7896756802967	 6 
7896756800024	 6 
7896756802769	 6 
7896756802813	 6 
7896756800888	 6 
7896756802912	 6 
7891141018541	 6 
7898276972762	 6 
7898276970102	 12 
7898276970119	 12 
7898276971161	 12 
8410415588826	 6 
7896855909147	 6 
7896855901400	 12 
7896855901417	 12 
5601174190006	 6 
5601174204000	 6 
5601109211110	 6 
5601109211165	 6 
5601109211127	 6 
7896023081477	 6 
7791540049545	 6 
7791540048562	 6 
7791540049552	 6 
7791540049569	 6 
7896023083617	 6 
7896023010774	 6 
7896023010798	 6 
7896023010811	 6 
7896023080043	 6 
7896023081415	 6 
7896023085529	 12 
7896023084096	 6 
7891141004254	 6 
7891141004469	 6 
7804300003234	 12 
7804300123871	 12 
7804300123512	 12 
7804300121853	 12 
7804300121846	 12 
7804300147242	 12 
7804300003227	 12 
7804350003321	 12 
7804350596236	 12 
7804350002157	 12 
7804350002140	 12 
7804350008036	 12 
7804350596243	 12 
7804350596229	 12 
7804340902641	 12 
3469891132424	 12 
3469891132431	 12 
3469891132479	 12 
7804320752075	 12 
7804320578132	 12 
7804320752082	 12 
7896185310101	 12 
7312040017034	 12 
7896092502453	 12 
7896092502378	 24 
7896267777099	 12 
7891050000903	 12 
7896010004007	 12 
7893218000473	 12 
7893218000107	 6 
7893218003603	 24 
7893218002576	 12 
7896023012471	 6 
7896023012495	 6 
7891340302847	 40 
7891340365378	 40 
7891962036984	 54 
7891962037004	 54 
7898530841223	 30 
7898530841896	 30 
7898530842220	 30 
7891340365323	 40 
7891340365293	 6 
7891340365316	 6 
7896011105871	 30 
7896011103730	 30 
7896011103747	 30 
7896019607636	 30 
7896306612824	 16 
7896074603680	 15 
7896074603673	 15 
074880020021	 10 
5010106110249	 12 
5010106111451	 12 
5000387905634	 12 
7893218003375	 12 
5000267023601	 12 
5000267024011	 12 
50196364	 12 
080432400432	 12 
080432400395	 12 
5000299225028	 12 
5010327000176	 12 
5000267107776	 12 
082184090442	 12 
7898945131315	 12 
5099873006368	 12 
082184000328	 12 
5011007003029	 12 
5000267134734	 12 
5000265001175	 12 
5000265101431	 12 
7896010000375	 12 
5000281033297	 12 
7891050000125	 12 
5000267013602	 12 
5000267014005	 12 
5000265001335	 12 
7898957617593	 12 
7891121607000	 6 
7891121609004	 6 
7891121611007	 6 
7891121626001	 6 
7891121614008	 6 
7891121617009	 6 
3052910056346	 6 
3052910055240	 6 
3052910056209	 6 
3052910015107	 6 
3052910041199	 6 
3052910056339	 6 
3052910018924	 6 
3052910056261	 6 
3052910056452	 6 
3052910010225	 6 
7891156002030	 6 
7891156003068	 6 
7891156076024	 3 
7891156001040	 6 
7891025118978	 24 
7891025115632	 24 
7891025115656	 24 
7891025115649	 24 
7891025118985	 24 
